>ancestor
1 2 3 4 5 6 7 8 9 10 11 12 13 14 15 16 17 18 19 20 21 22 23 24 $
25 26 27 28 29 30 31 32 33 34 35 36 37 38 39 40 41 42 43 44 45 46 47 $
48 49 50 51 52 53 54 55 56 57 58 59 60 61 62 63 64 65 66 67 68 69 70 71 72 73 74 75 76 77 78 $
79 80 81 82 83 84 85 86 87 88 89 90 91 92 93 94 95 96 97 98 99 100 $
>sp1
1 2 $
3 4 5 6 7 8 9 10 11 12 13 -18 -17 -16 -15 -14 19 20 21 22 23 24 48 49 50 51 52 53 54 55 56 57 58 59 60 61 62 63 64 65 66 -70 -69 -68 -67 71 72 73 74 75 76 77 78 -47 -46 -45 -44 -43 -42 35 36 37 38 39 40 41 -34 -33 -32 -31 -30 -29 -28 -27 -26 -25 79 80 81 82 83 84 85 86 87 88 89 90 91 92 93 94 95 96 97 98 99 100 $
>sp2
1 2 $
3 4 5 6 7 8 9 10 11 12 13 -18 -17 -16 -15 -14 19 20 21 22 23 24 48 49 50 51 52 53 54 55 56 57 58 59 60 61 62 63 64 65 66 67 68 69 70 71 72 73 74 75 76 77 78 46 47 -45 -44 -43 -42 35 36 37 38 39 40 41 -34 -33 -32 -31 -30 -29 -28 -27 -26 -25 79 80 81 82 83 84 85 86 87 88 89 90 91 92 93 94 95 96 97 98 99 100 $
>sp3
1 2 3 4 5 6 7 8 9 10 11 12 18 -13 -17 -16 -15 -14 19 20 21 22 23 24 48 49 50 51 52 53 54 -63 -62 -61 -60 -59 -58 -57 -56 -55 64 65 66 67 68 69 70 71 72 73 74 75 76 77 78 -47 -46 -45 -44 -43 -42 35 36 37 38 39 40 41 -34 -33 -32 -31 -30 -29 -28 -27 -26 -25 79 80 81 82 83 84 85 86 87 88 89 90 91 92 93 94 95 96 97 98 99 100 $
>sp4
1 2 3 7 -11 13 14 16 18 20 24 $
27 31 37 38 39 40 45 46 $
51 53 56 61 62 64 65 68 70 74 $
79 80 82 84 85 -89 -88 -87 92 44 47 $
4 5 6 8 -12 -10 -9 15 17 19 21 22 23 $
25 26 28 29 30 32 33 34 35 36 41 42 43 93 94 95 96 97 99 100 $
48 49 50 52 54 55 57 58 59 60 63 66 67 69 71 72 73 75 76 91 98 -78 -77 90 -86 -83 -81 $
>sp5
-47 -46 -45 -44 -43 -42 -41 -40 -39 -38 21 22 -83 -82 -81 -80 -79 $
25 26 27 28 29 30 31 32 33 34 35 36 37 -20 -19 -18 -17 -16 -15 -14 -13 9 10 11 12 -8 -7 -6 -5 -4 -3 -2 -1 $
48 49 50 51 52 53 54 55 56 57 58 59 60 61 62 63 64 65 66 67 68 69 70 71 72 73 74 75 76 77 78 $
-24 -23 84 85 86 -90 -89 -88 -87 91 92 93 94 95 96 97 98 99 100 $
