>ancestor
1 2 3 4 5 6 7 8 9 10 11 12 13 14 15 16 17 18 19 20 21 22 23 24 25 26 $
27 28 29 30 31 32 33 34 35 36 37 38 39 40 41 42 43 44 45 46 47 48 49 50 51 52 53 54 55 $
56 57 58 59 60 61 62 63 64 65 66 67 68 69 70 71 72 73 74 75 76 $
77 78 79 80 81 82 83 84 85 86 87 88 89 90 91 92 93 94 95 96 97 98 99 100 $
>sp1
1 2 3 4 5 6 7 8 9 10 11 12 13 14 15 16 17 18 98 99 100 $
27 28 29 30 31 32 33 34 35 36 37 38 39 40 41 42 43 44 45 46 47 48 49 50 51 52 53 54 55 $
56 57 58 59 60 61 -67 62 63 64 65 66 68 -75 -74 -73 -72 -71 -70 -69 76 $
77 78 79 80 81 82 83 84 85 -89 -88 -87 -86 90 91 92 93 94 -97 -96 -95 19 20 21 22 23 24 25 26 $
>sp2
1 2 3 4 5 6 7 8 9 10 11 12 13 14 15 16 17 18 98 99 100 $
27 28 29 30 -36 -35 -34 -33 -32 -31 37 38 39 40 41 42 43 44 45 46 47 48 49 50 51 52 53 54 55 $
56 57 58 59 60 61 -67 -66 -65 -64 -63 -62 68 -75 -74 -73 -72 -71 -70 -69 76 $
-77 -85 -84 -83 -82 -81 -80 -79 -78 -89 -88 -87 -86 90 91 92 93 94 -97 -96 -95 19 20 21 22 23 24 25 26 $
>sp3
77 78 6 -7 8 9 10 -15 -14 -13 -12 -17 -16 11 18 19 20 21 22 23 24 25 26 1 2 3 4 5 79 -54 -53 -52 -51 -50 -49 -48 -47 -46 -45 -44 -43 -42 -34 -33 37 38 39 40 41 35 36 -32 -31 -30 -29 -28 -27 $
56 -61 -60 -59 -58 -57 62 -65 -64 -63 66 67 68 69 70 71 72 73 74 75 76 $
-55 80 81 82 -88 -87 -86 -85 -84 -93 90 91 92 -89 83 94 95 96 97 $
98 99 100 $
>sp4
-100 -99 -98 -97 -96 -95 -94 -83 89 -92 -91 -90 -49 -48 -47 -46 -45 -44 -43 -42 -34 -33 37 38 39 40 41 35 36 -32 -31 -30 -29 -28 -27 $
56 -61 -60 -59 -58 -57 62 -65 -64 -63 66 67 68 69 70 71 72 73 74 75 76 $
-55 80 81 82 -88 -87 -86 -85 -84 -93 50 51 52 53 54 -79 -5 -4 -3 -2 -1 -26 -25 -24 -23 -22 -21 -20 -19 -18 -11 16 17 12 13 14 15 -10 -9 -8 7 -6 -78 -77 $
>sp5
77 78 6 -7 8 9 10 -15 -14 -13 -12 -11 16 17 18 19 20 21 22 23 24 25 26 1 2 3 4 5 79 -54 -53 -52 -51 -50 -49 -48 -47 -46 -45 -44 -43 -42 -34 -33 37 38 39 40 41 35 36 -32 -31 -30 -29 -28 -27 $
56 -61 -60 -59 -58 -57 62 -65 -64 -63 66 67 -71 -70 -69 -68 72 73 74 75 76 $
-55 80 81 82 -88 -87 -86 -85 -84 -93 90 91 92 -89 83 94 95 96 97 98 99 100 $
