   72
Hellerii_x  0.000000  0.006451  0.485752  0.362242  0.367465  0.546145
  0.476366  0.441047  0.469736  0.455336  0.434793  0.851387  0.728065
  0.932266  0.848558  0.837259  0.874296  0.861016  0.861016  0.832430
  0.686977  0.777677  0.867872  0.779965  0.895960  0.884457  0.881303
  0.908836  0.907013  0.891090  0.903889  0.982815  0.940426  0.965708
  0.939184  0.953459  0.886341  0.877112  0.926795  0.905191  0.918088
  0.945432  0.927381  0.919260  0.958216  0.929731  0.920498  0.763162
  0.733706  0.734975  0.740770  0.709210  0.733374  0.641554  0.738631
  0.634672  0.650336  0.643787  0.679820  0.651990  0.621943  1.069692
  0.900870  0.804952  0.793925  0.843278  0.830739  1.150203  0.990258
  1.085962  0.792487  0.760574
Maculatus_  0.006451  0.000000  0.480490  0.356821  0.362030  0.540608
  0.471106  0.437734  0.464589  0.450149  0.429244  0.843840  0.719019
  0.921894  0.838746  0.827460  0.864312  0.851122  0.851122  0.822741
  0.686977  0.767348  0.857797  0.771246  0.885866  0.874347  0.873833
  0.893999  0.892189  0.881111  0.892881  0.976097  0.932577  0.957750
  0.941086  0.942959  0.876268  0.867198  0.916519  0.895046  0.907881
  0.938892  0.917129  0.909068  0.947691  0.919440  0.910273  0.752267
  0.726467  0.726565  0.736650  0.707318  0.731530  0.639054  0.735098
  0.632159  0.647862  0.636260  0.672049  0.644997  0.615071  1.071193
  0.901725  0.805755  0.794740  0.844113  0.831559  1.151337  0.991365
  1.087195  0.793830  0.761892
Oreochromi  0.485752  0.480490  0.000000  0.187923  0.192372  0.435765
  0.412133  0.483548  0.437596  0.318397  0.267206  0.857883  0.741222
  0.935345  0.962090  0.900563  0.960174  0.947483  0.937339  0.941260
  0.811883  0.696989  0.900790  0.743908  0.911187  0.927129  0.965819
  0.966636  0.967825  0.933476  0.913387  0.989388  1.013707  1.035901
  1.015836  1.005742  0.998682  0.932404  0.944954  0.928328  0.976927
  0.978154  0.990668  0.983539  0.996314  0.977339  0.971096  0.774951
  0.782027  0.780653  0.741225  0.609833  0.620725  0.456714  0.617673
  0.464321  0.473134  0.646495  0.700124  0.659366  0.676208  1.086249
  0.842815  0.757538  0.728773  0.791293  0.767808  1.001923  0.945197
  1.088052  0.767592  0.788041
Kuhntae_no  0.362242  0.356821  0.187923  0.000000  0.003746  0.332342
  0.377054  0.291404  0.331012  0.322837  0.345456  0.709900  0.736023
  0.786945  0.779642  0.771947  0.811323  0.797272  0.797272  0.783330
  0.801327  0.749435  0.773630  0.661585  0.781116  0.777338  0.772272
  0.820130  0.819607  0.797510  0.758697  0.839967  0.809863  0.835785
  0.818061  0.785474  0.829521  0.801399  0.817077  0.821561  0.798497
  0.818607  0.826137  0.817561  0.848342  0.826518  0.825360  0.824742
  0.650231  0.630617  0.664592  0.648768  0.658452  0.454835  0.672993
  0.456388  0.471081  0.699387  0.732754  0.706900  0.663419  1.100155
  0.842922  0.824189  0.792603  0.825963  0.800770  1.023182  1.035169
  1.098060  0.754933  0.752771
Furzeri_no  0.367465  0.362030  0.192372  0.003746  0.000000  0.334731
  0.379616  0.296248  0.335880  0.327823  0.350367  0.716918  0.728402
  0.794084  0.786820  0.779108  0.818687  0.804585  0.804585  0.790569
  0.811752  0.758428  0.780848  0.661585  0.788302  0.784560  0.779434
  0.827466  0.826922  0.804758  0.766301  0.847447  0.817263  0.843272
  0.825394  0.792734  0.836913  0.808618  0.824380  0.828883  0.805673
  0.825878  0.833429  0.824821  0.855749  0.833813  0.832650  0.834656
  0.656834  0.637164  0.658478  0.655076  0.664799  0.454835  0.679365
  0.456388  0.471081  0.706295  0.739906  0.713458  0.669854  1.100155
  0.836435  0.817771  0.786121  0.833065  0.807720  1.031248  1.043620
  1.106727  0.754933  0.752771
Oryzias_la  0.546145  0.540608  0.435765  0.332342  0.334731  0.000000
  0.472997  0.464378  0.397205  0.409971  0.313814  0.948576  0.709516
  1.020514  1.018105  1.003424  1.105576  1.082358  1.058315  1.045072
  0.814502  0.685632  0.991369  0.791396  1.035797  1.026165  1.017391
  1.074752  1.051932  1.021928  0.934607  1.025428  1.070976  1.089484
  1.052705  1.036637  1.066740  1.036825  1.058618  1.016930  1.037782
  1.074090  1.070896  1.070896  1.065800  1.064274  1.062697  0.823868
  0.821524  0.803159  0.867993  0.803382  0.832684  0.638315  0.823543
  0.635385  0.656694  0.626394  0.682676  0.695941  0.656164  1.060047
  0.794968  0.715063  0.695444  0.707777  0.720586  1.010423  0.956928
  1.014742  0.743068  0.741532
Tetraodon_  0.476366  0.471106  0.412133  0.377054  0.379616  0.472997
  0.000000  0.492707  0.323805  0.359828  0.278667  0.859799  0.672122
  0.872994  0.866452  0.837475  0.860939  0.847508  0.842159  0.856928
  0.663211  0.742005  0.857847  0.813590  0.886060  0.880593  0.908638
  0.965674  0.943477  0.872698  0.900417  0.941694  0.943599  0.967420
  0.941194  0.923480  0.877998  0.901140  0.914933  0.913395  0.894809
  0.917048  0.911109  0.915677  0.943979  0.916394  0.906995  0.709334
  0.757469  0.728205  0.727527  0.640492  0.640258  0.609879  0.654373
  0.615500  0.627785  0.562267  0.586693  0.552229  0.550572  1.112450
  0.831617  0.753677  0.764407  0.727963  0.726262  1.028853  0.939341
  1.078251  0.814092  0.821320
Kryptolebi  0.441047  0.437734  0.483548  0.291404  0.296248  0.464378
  0.492707  0.000000  0.388025  0.408961  0.268444  0.923367  0.694804
  0.967918  0.956459  0.934417  1.003428  1.004421  0.990570  0.958478
  0.691712  0.713078  0.931278  0.847216  0.965488  0.951371  0.956854
  0.997951  1.004149  0.967729  0.964117  1.015380  0.979137  0.996522
  1.021736  0.995099  0.960510  0.983854  0.988127  0.964630  0.934158
  0.991098  0.961231  0.953756  0.993110  0.978689  0.955545  0.722534
  0.829630  0.804911  0.847204  0.739937  0.765325  0.637032  0.781343
  0.643064  0.658780  0.601758  0.632736  0.624116  0.601302  1.112542
  0.810489  0.718063  0.699896  0.751906  0.719394  1.065582  0.897691
  1.055565  0.815468  0.779042
Epinephelu  0.469736  0.464589  0.437596  0.331012  0.335880  0.397205
  0.323805  0.388025  0.000000  0.266013  0.184782  0.862504  0.731849
  0.965759  0.954668  0.934534  0.982772  0.972113  0.925010  0.957493
  0.795566  0.730540  0.918378  0.746435  0.946261  0.928620  0.974494
  1.019843  1.000875  0.984003  0.919690  0.981112  1.030422  1.048118
  1.010193  0.986132  0.916815  0.957101  0.953701  0.977534  0.972017
  1.014866  0.999654  0.993737  1.030498  1.009378  1.000917  0.805868
  0.852284  0.844542  0.816244  0.731784  0.729237  0.595108  0.748466
  0.600536  0.600051  0.635229  0.675728  0.638980  0.630666  1.094988
  0.797101  0.713760  0.692123  0.726098  0.718739  1.010314  0.868437
  1.037744  0.765078  0.793325
Paralichth  0.455336  0.450149  0.318397  0.322837  0.327823  0.409971
  0.359828  0.408961  0.266013  0.000000  0.149704  0.889902  0.731188
  0.986913  0.939148  0.894177  0.968071  0.956837  0.920568  0.938323
  0.755821  0.760830  0.906914  0.790152  0.949112  0.938367  0.968562
  1.018392  1.000495  0.947691  0.924512  1.001568  1.023232  1.041865
  1.021946  0.993931  0.950932  0.938951  0.965518  0.970364  1.003290
  1.016201  1.017078  1.008873  1.039635  1.007959  1.003686  0.785330
  0.817712  0.815991  0.808555  0.712560  0.719622  0.595388  0.734076
  0.601779  0.614610  0.636040  0.689988  0.654580  0.635452  1.032841
  0.827033  0.745672  0.728765  0.747049  0.748051  1.001005  0.957154
  1.087396  0.848835  0.835827
Platichthy  0.434793  0.429244  0.267206  0.345456  0.350367  0.313814
  0.278667  0.268444  0.184782  0.149704  0.000000  0.707302  0.705967
  0.779656  0.784497  0.743228  0.781128  0.770854  0.770854  0.744513
  0.731233  0.759279  0.743048  0.707685  0.743201  0.763588  0.764045
  0.797954  0.801403  0.773681  0.767023  0.812070  0.814437  0.832628
  0.790212  0.786999  0.767525  0.755377  0.785659  0.781111  0.769713
  0.818397  0.790355  0.782332  0.817969  0.783047  0.784394  0.749661
  0.664502  0.654425  0.653101  0.616712  0.622514  0.469193  0.634855
  0.470897  0.471075  0.619952  0.670472  0.607573  0.615911  1.099710
  0.822351  0.762153  0.738287  0.736933  0.742383  0.946780  0.945540
  1.033745  0.798991  0.775131
Gallus_gal  0.851387  0.843840  0.857883  0.709900  0.716918  0.948576
  0.859799  0.923367  0.862504  0.889902  0.707302  0.000000  0.553960
  0.709314  0.656951  0.662280  0.665892  0.672028  0.668944  0.658179
  0.481820  0.438814  0.646134  0.532298  0.622738  0.633047  0.692979
  0.730798  0.740798  0.677525  0.637514  0.712846  0.742972  0.761063
  0.711289  0.670777  0.613900  0.649037  0.657766  0.690511  0.666467
  0.663343  0.682531  0.676779  0.719052  0.691408  0.679475  0.502700
  0.672472  0.665180  0.772740  0.813875  0.840784  0.707198  0.834072
  0.704034  0.711408  0.531871  0.541102  0.552625  0.560392  0.984356
  0.766643  0.691677  0.683186  0.716093  0.661800  0.936902  0.948331
  1.114652  0.890294  0.926033
Monodelphi  0.728065  0.719019  0.741222  0.736023  0.728402  0.709516
  0.672122  0.694804  0.731849  0.731188  0.705967  0.553960  0.000000
  0.309564  0.342707  0.321637  0.359558  0.352104  0.352104  0.338192
  0.354828  0.356636  0.334153  0.295334  0.321389  0.348997  0.401136
  0.381388  0.370438  0.324886  0.273667  0.334899  0.351037  0.368377
  0.357739  0.326480  0.322224  0.299392  0.312128  0.332676  0.320307
  0.349435  0.324566  0.319130  0.334881  0.325901  0.331165  0.354306
  0.596755  0.619059  0.589658  0.710582  0.700966  0.400801  0.720727
  0.389945  0.388032  0.718134  0.698351  0.661742  0.652128  1.023358
  0.663837  0.644350  0.662116  0.626439  0.636014  0.790579  0.876964
  0.976914  0.840180  0.859496
Loxodonta_  0.932266  0.921894  0.935345  0.786945  0.794084  1.020514
  0.872994  0.967918  0.965759  0.986913  0.779656  0.709314  0.309564
  0.000000  0.235613  0.218669  0.259476  0.253528  0.246166  0.241896
  0.168781  0.136282  0.188400  0.166674  0.192294  0.226115  0.330337
  0.261965  0.267592  0.203856  0.210863  0.304492  0.313453  0.324431
  0.291715  0.287825  0.229591  0.225025  0.207812  0.210852  0.222691
  0.230578  0.190577  0.193669  0.216905  0.191748  0.200022  0.121611
  0.789138  0.786475  0.680040  0.775329  0.793411  0.561896  0.772552
  0.556519  0.560143  0.672741  0.661701  0.632853  0.632935  1.006943
  0.814406  0.713420  0.702013  0.720632  0.706315  1.065370  0.975836
  1.022705  0.852887  0.887326
Ailuropoda  0.848558  0.838746  0.962090  0.779642  0.786820  1.018105
  0.866452  0.956459  0.954668  0.939148  0.784497  0.656951  0.342707
  0.235613  0.000000  0.080637  0.232757  0.232216  0.221683  0.197716
  0.176585  0.140493  0.161363  0.153674  0.169929  0.186181  0.325830
  0.281394  0.274653  0.195277  0.173378  0.294145  0.302430  0.313300
  0.292110  0.274635  0.134317  0.216554  0.181716  0.203325  0.214927
  0.228902  0.197606  0.200721  0.218793  0.186601  0.185114  0.104908
  0.754541  0.766267  0.686018  0.793461  0.808222  0.570558  0.793460
  0.574158  0.577770  0.666638  0.663278  0.630409  0.651852  0.995461
  0.794569  0.719115  0.705946  0.760678  0.711797  1.054714  1.008458
  1.078611  0.865082  0.899061
Canis_lupu  0.837259  0.827460  0.900563  0.771947  0.779108  1.003424
  0.837475  0.934417  0.934534  0.894177  0.743228  0.662280  0.321637
  0.218669  0.080637  0.000000  0.229099  0.223246  0.219054  0.203497
  0.139448  0.119909  0.147499  0.138734  0.156505  0.165039  0.322479
  0.281955  0.282633  0.206376  0.193219  0.294562  0.297138  0.307921
  0.296539  0.272438  0.132825  0.199667  0.183479  0.199813  0.216211
  0.215503  0.190010  0.193139  0.207441  0.184924  0.185804  0.104401
  0.767311  0.783944  0.685735  0.791693  0.796711  0.577556  0.782050
  0.581213  0.584825  0.672901  0.663556  0.637153  0.657380  0.979230
  0.773405  0.697512  0.684574  0.742296  0.706832  0.985174  0.946636
  1.030912  0.875293  0.904033
Bubalus_bu  0.874296  0.864312  0.960174  0.811323  0.818687  1.105576
  0.860939  1.003428  0.982772  0.968071  0.781128  0.665892  0.359558
  0.259476  0.232757  0.229099  0.000000  0.029144  0.032984  0.071093
  0.091207  0.159108  0.206072  0.173630  0.135231  0.159337  0.307091
  0.315118  0.319446  0.223251  0.195633  0.326858  0.321804  0.332730
  0.317940  0.297304  0.217281  0.224757  0.197392  0.238630  0.250050
  0.258758  0.232057  0.235199  0.257968  0.219526  0.223711  0.167689
  0.779322  0.779806  0.701736  0.756114  0.780053  0.554651  0.764192
  0.557233  0.554734  0.677389  0.693769  0.623295  0.640224  1.025726
  0.855079  0.757356  0.746125  0.776831  0.742389  1.042775  1.014013
  1.050130  0.886636  0.907256
Bos_taurus  0.861016  0.851122  0.947483  0.797272  0.804585  1.082358
  0.847508  1.004421  0.972113  0.956837  0.770854  0.672028  0.352104
  0.253528  0.232216  0.223246  0.029144  0.000000  0.002720  0.065728
  0.081821  0.147562  0.191432  0.156184  0.129752  0.153811  0.282903
  0.301818  0.304879  0.204638  0.180544  0.321261  0.308427  0.319266
  0.304945  0.286496  0.205223  0.209146  0.191259  0.226306  0.244439
  0.246263  0.219784  0.222908  0.245491  0.207345  0.205391  0.137443
  0.779174  0.778382  0.694889  0.738643  0.762268  0.542100  0.746792
  0.544631  0.542199  0.677896  0.692523  0.620805  0.644385  1.013226
  0.856291  0.757915  0.749833  0.770670  0.735932  1.073568  1.021300
  1.051880  0.874299  0.894805
Bos_primig  0.861016  0.851122  0.937339  0.797272  0.804585  1.058315
  0.842159  0.990570  0.925010  0.920568  0.770854  0.668944  0.352104
  0.246166  0.221683  0.219054  0.032984  0.002720  0.000000  0.068015
  0.081821  0.147562  0.188865  0.156184  0.134399  0.156260  0.280805
  0.296900  0.300084  0.199951  0.180544  0.321641  0.299416  0.310606
  0.293543  0.281186  0.195912  0.201003  0.189075  0.221784  0.233176
  0.242919  0.204713  0.207916  0.234212  0.195126  0.193197  0.137443
  0.763239  0.767556  0.693262  0.737245  0.761131  0.542100  0.745497
  0.544631  0.542199  0.677379  0.692010  0.619079  0.642610  1.013226
  0.856291  0.757915  0.749833  0.770670  0.735932  1.073568  1.021300
  1.051880  0.874299  0.894805
Ovis_aries  0.832430  0.822741  0.941260  0.783330  0.790569  1.045072
  0.856928  0.958478  0.957493  0.938323  0.744513  0.658179  0.338192
  0.241896  0.197716  0.203497  0.071093  0.065728  0.068015  0.000000
  0.046693  0.153044  0.165129  0.147623  0.109269  0.133876  0.285320
  0.293468  0.294591  0.183489  0.166068  0.301423  0.284888  0.295628
  0.287619  0.260249  0.197623  0.200073  0.173811  0.202077  0.232809
  0.227038  0.207567  0.210682  0.227502  0.197386  0.199709  0.130506
  0.757539  0.760761  0.689990  0.772439  0.797482  0.555225  0.780904
  0.557863  0.557396  0.673883  0.697987  0.632374  0.645079  1.005546
  0.803869  0.721693  0.709761  0.755584  0.713851  1.034805  0.996138
  1.044613  0.872464  0.894472
Muntiacus_  0.686977  0.686977  0.811883  0.801327  0.811752  0.814502
  0.663211  0.691712  0.795566  0.755821  0.731233  0.481820  0.354828
  0.168781  0.176585  0.139448  0.091207  0.081821  0.081821  0.046693
  0.000000  0.137096  0.152414  0.115392  0.091764  0.091572  0.243376
  0.230104  0.242108  0.146721  0.086619  0.205429  0.187666  0.199257
  0.172474  0.183691  0.144748  0.134419  0.134515  0.143207  0.189877
  0.152505  0.132693  0.137774  0.143615  0.126917  0.131955  0.121100
  0.700762  0.710729  0.659692  0.728662  0.740895  0.327966  0.719531
  0.328671  0.340922  0.721974  0.733130  0.686250  0.690304  1.052244
  0.767908  0.756112  0.759264  0.706544  0.663560  0.857326  0.937707
  1.118340  0.928112  0.924480
Equus_asin  0.777677  0.767348  0.696989  0.749435  0.758428  0.685632
  0.742005  0.713078  0.730540  0.760830  0.759279  0.438814  0.356636
  0.136282  0.140493  0.119909  0.159108  0.147562  0.147562  0.153044
  0.137096  0.000000  0.050201  0.032463  0.119478  0.114254  0.211237
  0.184236  0.189219  0.128138  0.138876  0.199389  0.199510  0.217376
  0.169623  0.185512  0.125287  0.168138  0.141257  0.145303  0.188870
  0.153461  0.137682  0.143138  0.162107  0.126287  0.131688  0.123617
  0.540517  0.563184  0.514820  0.521534  0.520203  0.341140  0.515186
  0.341701  0.349460  0.489959  0.465862  0.497351  0.514084  0.987014
  0.705640  0.691919  0.702111  0.702065  0.687701  0.922562  1.015797
  1.084550  0.930931  0.980115
Equus_caba  0.867872  0.857797  0.900790  0.773630  0.780848  0.991369
  0.857847  0.931278  0.918378  0.906914  0.743048  0.646134  0.334153
  0.188400  0.161363  0.147499  0.206072  0.191432  0.188865  0.165129
  0.152414  0.050201  0.000000  0.003843  0.117717  0.129799  0.291126
  0.253818  0.253815  0.164154  0.167718  0.257363  0.267917  0.278460
  0.276393  0.235726  0.148123  0.180253  0.166865  0.172549  0.198490
  0.203142  0.161344  0.164390  0.190073  0.158419  0.157108  0.090987
  0.793873  0.787363  0.674218  0.776730  0.788154  0.539550  0.775909
  0.543046  0.546801  0.658808  0.658490  0.641935  0.669689  0.992866
  0.800894  0.718359  0.706406  0.759099  0.726405  1.051241  0.991811
  1.043823  0.887617  0.919323
Equidae     0.779965  0.771246  0.743908  0.661585  0.661585  0.791396
  0.813590  0.847216  0.746435  0.790152  0.707685  0.532298  0.295334
  0.166674  0.153674  0.138734  0.173630  0.156184  0.156184  0.147623
  0.115392  0.032463  0.003843  0.000000  0.117888  0.105502  0.245362
  0.224948  0.230975  0.149370  0.162517  0.216231  0.242304  0.257328
  0.230892  0.222319  0.133935  0.180506  0.137274  0.156039  0.194155
  0.214378  0.167300  0.171757  0.214128  0.167403  0.165422  0.094668
  0.646018  0.651254  0.573543  0.575254  0.585187  0.499122  0.571085
  0.500744  0.506835  0.431612  0.434238  0.475025  0.494256  0.991975
  0.708616  0.654041  0.630430  0.730404  0.701662  0.989984  1.003765
  1.047892  0.894317  0.930594
Delphinapt  0.895960  0.885866  0.911187  0.781116  0.788302  1.035797
  0.886060  0.965488  0.946261  0.949112  0.743201  0.622738  0.321389
  0.192294  0.169929  0.156505  0.135231  0.129752  0.134399  0.109269
  0.091764  0.119478  0.117717  0.117888  0.000000  0.084813  0.259158
  0.243751  0.247504  0.166825  0.162754  0.236859  0.248982  0.259188
  0.252481  0.231503  0.146366  0.145651  0.136467  0.155732  0.159161
  0.181645  0.155867  0.158860  0.165902  0.141057  0.143295  0.091324
  0.774401  0.776600  0.670682  0.756937  0.778572  0.548607  0.764426
  0.551027  0.552836  0.647578  0.662784  0.635101  0.653090  1.009683
  0.810897  0.711093  0.698411  0.741730  0.709364  1.041512  0.993567
  1.056866  0.888822  0.911949
Sus_scrofa  0.884457  0.874347  0.927129  0.777338  0.784560  1.026165
  0.880593  0.951371  0.928620  0.938367  0.763588  0.633047  0.348997
  0.226115  0.186181  0.165039  0.159337  0.153811  0.156260  0.133876
  0.091572  0.114254  0.129799  0.105502  0.084813  0.000000  0.254097
  0.249840  0.246130  0.198214  0.185702  0.259444  0.265002  0.275304
  0.262016  0.234853  0.163051  0.168966  0.155662  0.173328  0.197944
  0.211556  0.189148  0.192190  0.204849  0.174186  0.175695  0.120858
  0.770801  0.764946  0.687345  0.753816  0.775635  0.542527  0.758876
  0.544918  0.549637  0.633817  0.647174  0.630711  0.645275  0.990544
  0.809049  0.713003  0.700963  0.748644  0.705747  1.052130  1.016670
  1.006861  0.879582  0.902660
Meriones_u  0.881303  0.873833  0.965819  0.772272  0.779434  1.017391
  0.908638  0.956854  0.974494  0.968562  0.764045  0.692979  0.401136
  0.330337  0.325830  0.322479  0.307091  0.282903  0.280805  0.285320
  0.243376  0.211237  0.291126  0.245362  0.259158  0.254097  0.000000
  0.252290  0.256710  0.284375  0.266743  0.277173  0.270918  0.281118
  0.241035  0.308613  0.300086  0.254161  0.235493  0.237943  0.283052
  0.278564  0.271014  0.273270  0.295673  0.262469  0.258877  0.185486
  0.782485  0.791246  0.778220  0.806528  0.823608  0.584181  0.793123
  0.586679  0.584143  0.717228  0.718214  0.681043  0.689771  1.005766
  0.837293  0.734478  0.717467  0.745669  0.746347  1.146252  0.991212
  1.065731  0.897236  0.899661
Mesocricet  0.908836  0.893999  0.966636  0.820130  0.827466  1.074752
  0.965674  0.997951  1.019843  1.018392  0.797954  0.730798  0.381388
  0.261965  0.281394  0.281955  0.315118  0.301818  0.296900  0.293468
  0.230104  0.184236  0.253818  0.224948  0.243751  0.249840  0.252290
  0.000000  0.044292  0.255357  0.266658  0.247190  0.270546  0.280430
  0.233111  0.304961  0.288739  0.254167  0.229108  0.171649  0.278896
  0.258702  0.264524  0.266757  0.289418  0.258795  0.261874  0.165725
  0.816323  0.833120  0.791863  0.817807  0.850933  0.630151  0.828275
  0.630451  0.633932  0.709515  0.704001  0.678691  0.693799  0.969098
  0.850237  0.762728  0.738585  0.752045  0.762252  1.103933  0.984272
  1.031668  0.867352  0.895425
Cricetulus  0.907013  0.892189  0.967825  0.819607  0.826922  1.051932
  0.943477  1.004149  1.000875  1.000495  0.801403  0.740798  0.370438
  0.267592  0.274653  0.282633  0.319446  0.304879  0.300084  0.294591
  0.242108  0.189219  0.253815  0.230975  0.247504  0.246130  0.256710
  0.044292  0.000000  0.262826  0.271969  0.245182  0.264046  0.273988
  0.232532  0.314563  0.286971  0.259876  0.242969  0.177293  0.275542
  0.262642  0.260739  0.262980  0.283209  0.254743  0.258553  0.175768
  0.813647  0.822376  0.782592  0.805580  0.842725  0.615097  0.827908
  0.614460  0.617975  0.720355  0.718232  0.679983  0.683814  0.965218
  0.872247  0.784292  0.760304  0.761750  0.764016  1.125536  0.979347
  1.043017  0.863509  0.897176
Marmota_mo  0.891090  0.881111  0.933476  0.797510  0.804758  1.021928
  0.872698  0.967729  0.984003  0.947691  0.773681  0.677525  0.324886
  0.203856  0.195277  0.206376  0.223251  0.204638  0.199951  0.183489
  0.146721  0.128138  0.164154  0.149370  0.166825  0.198214  0.284375
  0.255357  0.262826  0.000000  0.026017  0.265987  0.263624  0.273726
  0.253678  0.214769  0.208760  0.151994  0.135783  0.151321  0.193362
  0.179417  0.156868  0.156816  0.175196  0.154023  0.150567  0.091777
  0.749456  0.760222  0.732402  0.758040  0.785542  0.544748  0.764104
  0.547243  0.550814  0.654552  0.660096  0.639854  0.650652  1.001458
  0.821156  0.730448  0.708487  0.742437  0.734884  1.086768  0.995962
  1.048649  0.876827  0.911500
Otospermop  0.903889  0.892881  0.913387  0.758697  0.766301  0.934607
  0.900417  0.964117  0.919690  0.924512  0.767023  0.637514  0.273667
  0.210863  0.173378  0.193219  0.195633  0.180544  0.180544  0.166068
  0.086619  0.138876  0.167718  0.162517  0.162754  0.185702  0.266743
  0.266658  0.271969  0.026017  0.000000  0.248631  0.260418  0.273192
  0.243819  0.214226  0.188210  0.155828  0.133474  0.155423  0.174794
  0.183754  0.159178  0.159113  0.182495  0.155727  0.151366  0.076453
  0.696473  0.713377  0.693897  0.662506  0.688771  0.564131  0.662890
  0.566820  0.570469  0.485045  0.482464  0.507314  0.498787  0.991770
  0.813483  0.714216  0.690741  0.726786  0.729812  1.080812  0.987961
  1.024870  0.878241  0.912967
Mastomys_n  0.982815  0.976097  0.989388  0.839967  0.847447  1.025428
  0.941694  1.015380  0.981112  1.001568  0.812070  0.712846  0.334899
  0.304492  0.294145  0.294562  0.326858  0.321261  0.321641  0.301423
  0.205429  0.199389  0.257363  0.216231  0.236859  0.259444  0.277173
  0.247190  0.245182  0.265987  0.248631  0.000000  0.134585  0.143837
  0.124497  0.319451  0.274318  0.246002  0.226357  0.196490  0.282556
  0.276336  0.261872  0.264226  0.290764  0.260125  0.262566  0.155022
  0.788799  0.797900  0.756390  0.816042  0.855981  0.636185  0.820310
  0.635669  0.639188  0.694093  0.700956  0.676505  0.679161  1.026071
  0.841380  0.750157  0.719476  0.760155  0.760468  1.083358  1.026299
  1.058621  0.883520  0.932936
Mus_muscul  0.940426  0.932577  1.013707  0.809863  0.817263  1.070976
  0.943599  0.979137  1.030422  1.023232  0.814437  0.742972  0.351037
  0.313453  0.302430  0.297138  0.321804  0.308427  0.299416  0.284888
  0.187666  0.199510  0.267917  0.242304  0.248982  0.265002  0.270918
  0.270546  0.264046  0.263624  0.260418  0.134585  0.000000  0.007915
  0.119468  0.320950  0.296407  0.259762  0.229982  0.215270  0.291833
  0.276624  0.273176  0.275434  0.295409  0.261789  0.263847  0.163290
  0.809451  0.816264  0.815976  0.859467  0.901309  0.641762  0.867903
  0.643704  0.648726  0.713010  0.727146  0.685520  0.701215  1.024248
  0.866361  0.771506  0.740395  0.776267  0.773305  1.108299  1.032111
  1.069431  0.888421  0.933460
Murid_herp  0.965708  0.957750  1.035901  0.835785  0.843272  1.089484
  0.967420  0.996522  1.048118  1.041865  0.832628  0.761063  0.368377
  0.324431  0.313300  0.307921  0.332730  0.319266  0.310606  0.295628
  0.199257  0.217376  0.278460  0.257328  0.259188  0.275304  0.281118
  0.280430  0.273988  0.273726  0.273192  0.143837  0.007915  0.000000
  0.128202  0.331684  0.306963  0.269910  0.239950  0.224825  0.302146
  0.286703  0.283405  0.285650  0.301835  0.271885  0.273937  0.179597
  0.828497  0.835615  0.834327  0.873238  0.915468  0.657884  0.881597
  0.659923  0.664931  0.728304  0.748653  0.704827  0.720702  1.049026
  0.890075  0.794877  0.763783  0.798966  0.795607  1.136375  1.060998
  1.101160  0.927256  0.974087
Rattus_nor  0.939184  0.941086  1.015836  0.818061  0.825394  1.052705
  0.941194  1.021736  1.010193  1.021946  0.790212  0.711289  0.357739
  0.291715  0.292110  0.296539  0.317940  0.304945  0.293543  0.287619
  0.172474  0.169623  0.276393  0.230892  0.252481  0.262016  0.241035
  0.233111  0.232532  0.253678  0.243819  0.124497  0.119468  0.128202
  0.000000  0.292600  0.277949  0.230250  0.197607  0.183671  0.276150
  0.249839  0.250767  0.253021  0.276106  0.245059  0.250711  0.132833
  0.819559  0.820831  0.773655  0.811682  0.851654  0.625889  0.826670
  0.627712  0.632678  0.712650  0.714600  0.662272  0.695925  0.990559
  0.857121  0.746821  0.722862  0.751620  0.734326  1.074216  1.015511
  1.059670  0.908023  0.940481
Cavia_porc  0.953459  0.942959  1.005742  0.785474  0.792734  1.036637
  0.923480  0.995099  0.986132  0.993931  0.786999  0.670777  0.326480
  0.287825  0.274635  0.272438  0.297304  0.286496  0.281186  0.260249
  0.183691  0.185512  0.235726  0.222319  0.231503  0.234853  0.308613
  0.304961  0.314563  0.214769  0.214226  0.319451  0.320950  0.331684
  0.292600  0.000000  0.248195  0.130954  0.192958  0.213782  0.247966
  0.250377  0.242193  0.244853  0.261992  0.246018  0.250191  0.164522
  0.808956  0.804445  0.770632  0.838647  0.834455  0.576445  0.807033
  0.580037  0.583595  0.678358  0.710131  0.698115  0.708822  1.022629
  0.778177  0.668914  0.655323  0.723950  0.710296  1.045760  0.966339
  1.072869  0.913463  0.942498
Felis_catu  0.886341  0.876268  0.998682  0.829521  0.836913  1.066740
  0.877998  0.960510  0.916815  0.950932  0.767525  0.613900  0.322224
  0.229591  0.134317  0.132825  0.217281  0.205223  0.195912  0.197623
  0.144748  0.125287  0.148123  0.133935  0.146366  0.163051  0.300086
  0.288739  0.286971  0.208760  0.188210  0.274318  0.296407  0.306963
  0.277949  0.248195  0.000000  0.206973  0.191962  0.216238  0.219881
  0.219269  0.194599  0.197707  0.219143  0.189934  0.195220  0.108819
  0.791923  0.798998  0.712406  0.797312  0.813482  0.578700  0.798726
  0.582349  0.582934  0.680840  0.681219  0.636275  0.663802  1.001302
  0.794458  0.702618  0.690455  0.728967  0.694638  1.051496  0.999808
  1.056906  0.880089  0.914516
Heteroceph  0.877112  0.867198  0.932404  0.801399  0.808618  1.036825
  0.901140  0.983854  0.957101  0.938951  0.755377  0.649037  0.299392
  0.225025  0.216554  0.199667  0.224757  0.209146  0.201003  0.200073
  0.134419  0.168138  0.180253  0.180506  0.145651  0.168966  0.254161
  0.254167  0.259876  0.151994  0.155828  0.246002  0.259762  0.269910
  0.230250  0.130954  0.206973  0.000000  0.139482  0.157957  0.197267
  0.199535  0.179605  0.179544  0.198809  0.172044  0.175866  0.112034
  0.748058  0.754376  0.713155  0.790053  0.797977  0.563299  0.772140
  0.565894  0.564979  0.686214  0.700894  0.654977  0.670716  1.010569
  0.839576  0.735185  0.722881  0.746951  0.722964  1.058267  0.988971
  1.057222  0.920754  0.950133
Oryctolagu  0.926795  0.916519  0.944954  0.817077  0.824380  1.058618
  0.914933  0.988127  0.953701  0.965518  0.785659  0.657766  0.312128
  0.207812  0.181716  0.183479  0.197392  0.191259  0.189075  0.173811
  0.134515  0.141257  0.166865  0.137274  0.136467  0.155662  0.235493
  0.229108  0.242969  0.135783  0.133474  0.226357  0.229982  0.239950
  0.197607  0.192958  0.191962  0.139482  0.000000  0.141403  0.178869
  0.153775  0.141897  0.141851  0.164180  0.135924  0.140977  0.072255
  0.788704  0.802576  0.720317  0.800935  0.819397  0.563077  0.792988
  0.564620  0.569259  0.669521  0.672797  0.646327  0.675572  1.020255
  0.838144  0.734884  0.712358  0.752858  0.744766  1.077741  1.010720
  1.073199  0.905142  0.940456
Nannospala  0.905191  0.895046  0.928328  0.821561  0.828883  1.016930
  0.913395  0.964630  0.977534  0.970364  0.781111  0.690511  0.332676
  0.210852  0.203325  0.199813  0.238630  0.226306  0.221784  0.202077
  0.143207  0.145303  0.172549  0.156039  0.155732  0.173328  0.237943
  0.171649  0.177293  0.151321  0.155423  0.196490  0.215270  0.224825
  0.183671  0.213782  0.216238  0.157957  0.141403  0.000000  0.194911
  0.185538  0.174463  0.177296  0.195502  0.164441  0.166721  0.086288
  0.745870  0.751561  0.700185  0.773065  0.801652  0.579668  0.775712
  0.578684  0.582236  0.670946  0.684365  0.649074  0.649682  1.036590
  0.823794  0.723845  0.699579  0.752281  0.754576  1.103756  1.006926
  1.053325  0.893091  0.928011
Tupaia_bel  0.918088  0.907881  0.976927  0.798497  0.805673  1.037782
  0.894809  0.934158  0.972017  1.003290  0.769713  0.666467  0.320307
  0.222691  0.214927  0.216211  0.250050  0.244439  0.233176  0.232809
  0.189877  0.188870  0.198490  0.194155  0.159161  0.197944  0.283052
  0.278896  0.275542  0.193362  0.174794  0.282556  0.291833  0.302146
  0.276150  0.247966  0.219881  0.197267  0.178869  0.194911  0.000000
  0.157545  0.090229  0.087492  0.113695  0.090705  0.071387  0.111499
  0.780653  0.774719  0.725045  0.773805  0.781157  0.571998  0.760241
  0.574793  0.578322  0.646320  0.664438  0.602056  0.618970  1.036895
  0.806907  0.704049  0.682544  0.697825  0.703251  1.027213  0.972323
  1.053444  0.896400  0.947343
Callithrix  0.945432  0.938892  0.978154  0.818607  0.825878  1.074090
  0.917048  0.991098  1.014866  1.016201  0.818397  0.663343  0.349435
  0.230578  0.228902  0.215503  0.258758  0.246263  0.242919  0.227038
  0.152505  0.153461  0.203142  0.214378  0.181645  0.211556  0.278564
  0.258702  0.262642  0.179417  0.183754  0.276336  0.276624  0.286703
  0.249839  0.250377  0.219269  0.199535  0.153775  0.185538  0.157545
  0.000000  0.099476  0.099556  0.125128  0.105023  0.104790  0.051789
  0.792098  0.814224  0.739387  0.818247  0.829561  0.615945  0.802066
  0.614959  0.619812  0.667142  0.689384  0.648274  0.655634  1.024630
  0.874341  0.766579  0.735418  0.766002  0.754626  1.096586  1.038303
  1.095904  0.950653  0.981524
Chlorocebu  0.927381  0.917129  0.990668  0.826137  0.833429  1.070896
  0.911109  0.961231  0.999654  1.017078  0.790355  0.682531  0.324566
  0.190577  0.197606  0.190010  0.232057  0.219784  0.204713  0.207567
  0.132693  0.137682  0.161344  0.167300  0.155867  0.189148  0.271014
  0.264524  0.260739  0.156868  0.159178  0.261872  0.273176  0.283405
  0.250767  0.242193  0.194599  0.179605  0.141897  0.174463  0.090229
  0.099476  0.000000  0.005101  0.068713  0.046892  0.044306  0.018564
  0.790948  0.790976  0.719908  0.797063  0.820020  0.593571  0.799691
  0.596523  0.600050  0.663083  0.662296  0.625375  0.644796  1.019055
  0.862717  0.759897  0.737647  0.753669  0.748375  1.110446  1.017469
  1.088705  0.932449  0.984527
Macaca_mul  0.919260  0.909068  0.983539  0.817561  0.824821  1.070896
  0.915677  0.953756  0.993737  1.008873  0.782332  0.676779  0.319130
  0.193669  0.200721  0.193139  0.235199  0.222908  0.207916  0.210682
  0.137774  0.143138  0.164390  0.171757  0.158860  0.192190  0.273270
  0.266757  0.262980  0.156816  0.159113  0.264226  0.275434  0.285650
  0.253021  0.244853  0.197707  0.179544  0.141851  0.177296  0.087492
  0.099556  0.005101  0.000000  0.068694  0.046880  0.044294  0.023232
  0.789845  0.790221  0.719980  0.800511  0.823452  0.591757  0.803089
  0.594694  0.598219  0.661883  0.661089  0.622743  0.643463  1.019055
  0.861319  0.758513  0.736252  0.753669  0.748375  1.103757  1.017469
  1.088705  0.932449  0.984527
Nomascus_l  0.958216  0.947691  0.996314  0.848342  0.855749  1.065800
  0.943979  0.993110  1.030498  1.039635  0.817969  0.719052  0.334881
  0.216905  0.218793  0.207441  0.257968  0.245491  0.234212  0.227502
  0.143615  0.162107  0.190073  0.214128  0.165902  0.204849  0.295673
  0.289418  0.283209  0.175196  0.182495  0.290764  0.295409  0.301835
  0.276106  0.261992  0.219143  0.198809  0.164180  0.195502  0.113695
  0.125128  0.068713  0.068694  0.000000  0.052535  0.044505  0.033070
  0.838761  0.834392  0.753272  0.842861  0.866534  0.655383  0.845158
  0.658745  0.662188  0.718617  0.720985  0.673170  0.691644  1.045750
  0.883703  0.783343  0.761214  0.790704  0.781996  1.131159  1.053787
  1.146306  0.979963  1.018034
Pongo_abel  0.929731  0.919440  0.977339  0.826518  0.833813  1.064274
  0.916394  0.978689  1.009378  1.007959  0.783047  0.691408  0.325901
  0.191748  0.186601  0.184924  0.219526  0.207345  0.195126  0.197386
  0.126917  0.126287  0.158419  0.167403  0.141057  0.174186  0.262469
  0.258795  0.254743  0.154023  0.155727  0.260125  0.261789  0.271885
  0.245059  0.246018  0.189934  0.172044  0.135924  0.164441  0.090705
  0.105023  0.046892  0.046880  0.052535  0.000000  0.023226  0.004609
  0.794853  0.796712  0.721429  0.788507  0.813407  0.598759  0.793313
  0.601732  0.605236  0.665958  0.670890  0.633671  0.653995  1.006764
  0.850094  0.742904  0.720609  0.759460  0.748407  1.096960  1.030088
  1.102114  0.942284  0.978497
Homo_sapie  0.920498  0.910273  0.971096  0.825360  0.832650  1.062697
  0.906995  0.955545  1.000917  1.003686  0.784394  0.679475  0.331165
  0.200022  0.185114  0.185804  0.223711  0.205391  0.193197  0.199709
  0.131955  0.131688  0.157108  0.165422  0.143295  0.175695  0.258877
  0.261874  0.258553  0.150567  0.151366  0.262566  0.263847  0.273937
  0.250711  0.250191  0.195220  0.175866  0.140977  0.166721  0.071387
  0.104790  0.044306  0.044294  0.044505  0.023226  0.000000  0.000010
  0.792091  0.788050  0.724295  0.774819  0.798830  0.583449  0.775072
  0.586324  0.589847  0.672190  0.677165  0.636733  0.657102  1.018071
  0.849175  0.746738  0.727630  0.753508  0.742662  1.101651  1.033015
  1.104250  0.942284  0.978497
Zea_mays    0.763162  0.752267  0.774951  0.824742  0.834656  0.823868
  0.709334  0.722534  0.805868  0.785330  0.749661  0.502700  0.354306
  0.121611  0.104908  0.104401  0.167689  0.137443  0.137443  0.130506
  0.121100  0.123617  0.090987  0.094668  0.091324  0.120858  0.185486
  0.165725  0.175768  0.091777  0.076453  0.155022  0.163290  0.179597
  0.132833  0.164522  0.108819  0.112034  0.072255  0.086288  0.111499
  0.051789  0.018564  0.023232  0.033070  0.004609  0.000010  0.000000
  0.668905  0.673104  0.601995  0.695023  0.699797  0.343161  0.680653
  0.343865  0.353558  0.687746  0.677447  0.659782  0.674605  0.983256
  0.752728  0.741637  0.747947  0.705018  0.677578  0.890821  0.980731
  1.142689  0.951824  0.955213
Xenopus_la  0.733706  0.726467  0.782027  0.650231  0.656834  0.821524
  0.757469  0.829630  0.852284  0.817712  0.664502  0.672472  0.596755
  0.789138  0.754541  0.767311  0.779322  0.779174  0.763239  0.757539
  0.700762  0.540517  0.793873  0.646018  0.774401  0.770801  0.782485
  0.816323  0.813647  0.749456  0.696473  0.788799  0.809451  0.828497
  0.819559  0.808956  0.791923  0.748058  0.788704  0.745870  0.780653
  0.792098  0.790948  0.789845  0.838761  0.794853  0.792091  0.668905
  0.000000  0.126206  0.646469  0.723794  0.731677  0.624037  0.742111
  0.609620  0.611752  0.493402  0.522369  0.586576  0.567817  1.016184
  0.794501  0.705753  0.698815  0.711670  0.712161  1.067487  0.916429
  1.070037  0.843118  0.848986
Xenopus_Si  0.734975  0.726565  0.780653  0.630617  0.637164  0.803159
  0.728205  0.804911  0.844542  0.815991  0.654425  0.665180  0.619059
  0.786475  0.766267  0.783944  0.779806  0.778382  0.767556  0.760761
  0.710729  0.563184  0.787363  0.651254  0.776600  0.764946  0.791246
  0.833120  0.822376  0.760222  0.713377  0.797900  0.816264  0.835615
  0.820831  0.804445  0.798998  0.754376  0.802576  0.751561  0.774719
  0.814224  0.790976  0.790221  0.834392  0.796712  0.788050  0.673104
  0.126206  0.000000  0.623134  0.727967  0.747820  0.614479  0.744408
  0.600254  0.605075  0.514211  0.522068  0.578662  0.572266  1.064515
  0.790285  0.720363  0.706955  0.693742  0.702443  1.050355  0.904974
  1.043045  0.801629  0.807150
Ambystoma_  0.740770  0.736650  0.741225  0.664592  0.658478  0.867993
  0.727527  0.847204  0.816244  0.808555  0.653101  0.772740  0.589658
  0.680040  0.686018  0.685735  0.701736  0.694889  0.693262  0.689990
  0.659692  0.514820  0.674218  0.573543  0.670682  0.687345  0.778220
  0.791863  0.782592  0.732402  0.693897  0.756390  0.815976  0.834327
  0.773655  0.770632  0.712406  0.713155  0.720317  0.700185  0.725045
  0.739387  0.719908  0.719980  0.753272  0.721429  0.724295  0.601995
  0.646469  0.623134  0.000000  0.691496  0.702605  0.576943  0.721944
  0.580573  0.571624  0.477353  0.487213  0.500472  0.531199  0.999268
  0.724722  0.631903  0.614962  0.724706  0.716199  1.093438  0.915948
  0.976124  0.853204  0.894348
Coregonus_  0.709210  0.707318  0.609833  0.648768  0.655076  0.803382
  0.640492  0.739937  0.731784  0.712560  0.616712  0.813875  0.710582
  0.775329  0.793461  0.791693  0.756114  0.738643  0.737245  0.772439
  0.728662  0.521534  0.776730  0.575254  0.756937  0.753816  0.806528
  0.817807  0.805580  0.758040  0.662506  0.816042  0.859467  0.873238
  0.811682  0.838647  0.797312  0.790053  0.800935  0.773065  0.773805
  0.818247  0.797063  0.800511  0.842861  0.788507  0.774819  0.695023
  0.723794  0.727967  0.691496  0.000000  0.044690  0.038877  0.066439
  0.023217  0.034945  0.376576  0.393825  0.417883  0.367218  1.023669
  0.812316  0.720585  0.697703  0.678797  0.652056  1.027265  0.923521
  1.004237  0.785647  0.808258
Salmo_sala  0.733374  0.731530  0.620725  0.658452  0.664799  0.832684
  0.640258  0.765325  0.729237  0.719622  0.622514  0.840784  0.700966
  0.793411  0.808222  0.796711  0.780053  0.762268  0.761131  0.797482
  0.740895  0.520203  0.788154  0.585187  0.778572  0.775635  0.823608
  0.850933  0.842725  0.785542  0.688771  0.855981  0.901309  0.915468
  0.851654  0.834455  0.813482  0.797977  0.819397  0.801652  0.781157
  0.829561  0.820020  0.823452  0.866534  0.813407  0.798830  0.699797
  0.731677  0.747820  0.702605  0.044690  0.000000  0.034366  0.041646
  0.026732  0.030510  0.375108  0.381853  0.403723  0.368636  1.009034
  0.801576  0.713913  0.691007  0.678484  0.656217  1.048890  0.917395
  1.008958  0.774895  0.797355
Keta_oncor  0.641554  0.639054  0.456714  0.454835  0.454835  0.638315
  0.609879  0.637032  0.595108  0.595388  0.469193  0.707198  0.400801
  0.561896  0.570558  0.577556  0.554651  0.542100  0.542100  0.555225
  0.327966  0.341140  0.539550  0.499122  0.548607  0.542527  0.584181
  0.630151  0.615097  0.544748  0.564131  0.636185  0.641762  0.657884
  0.625889  0.576445  0.578700  0.563299  0.563077  0.579668  0.571998
  0.615945  0.593571  0.591757  0.655383  0.598759  0.583449  0.343161
  0.624037  0.614479  0.576943  0.038877  0.034366  0.000000  0.022768
  0.015114  0.018868  0.274660  0.317089  0.331758  0.263738  0.954270
  0.596548  0.500338  0.478097  0.540296  0.532808  0.911225  0.791129
  0.800080  0.795919  0.818814
Mykiss_onc  0.738631  0.735098  0.617673  0.672993  0.679365  0.823543
  0.654373  0.781343  0.748466  0.734076  0.634855  0.834072  0.720727
  0.772552  0.793460  0.782050  0.764192  0.746792  0.745497  0.780904
  0.719531  0.515186  0.775909  0.571085  0.764426  0.758876  0.793123
  0.828275  0.827908  0.764104  0.662890  0.820310  0.867903  0.881597
  0.826670  0.807033  0.798726  0.772140  0.792988  0.775712  0.760241
  0.802066  0.799691  0.803089  0.845158  0.793313  0.775072  0.680653
  0.742111  0.744408  0.721944  0.066439  0.041646  0.022768  0.000000
  0.015180  0.018950  0.391712  0.398598  0.426523  0.389511  0.996106
  0.792963  0.705466  0.682487  0.691278  0.668877  1.055307  0.944800
  1.028495  0.799316  0.822281
Tshawytsch  0.634672  0.632159  0.464321  0.456388  0.456388  0.635385
  0.615500  0.643064  0.600536  0.601779  0.470897  0.704034  0.389945
  0.556519  0.574158  0.581213  0.557233  0.544631  0.544631  0.557863
  0.328671  0.341701  0.543046  0.500744  0.551027  0.544918  0.586679
  0.630451  0.614460  0.547243  0.566820  0.635669  0.643704  0.659923
  0.627712  0.580037  0.582349  0.565894  0.564620  0.578684  0.574793
  0.614959  0.596523  0.594694  0.658745  0.601732  0.586324  0.343865
  0.609620  0.600254  0.580573  0.023217  0.026732  0.015114  0.015180
  0.000000  0.011322  0.269613  0.303103  0.322397  0.256268  0.960044
  0.591182  0.494908  0.472526  0.534492  0.527560  0.904805  0.787336
  0.796431  0.787345  0.810057
Kisutch_on  0.650336  0.647862  0.473134  0.471081  0.471081  0.656694
  0.627785  0.658780  0.600051  0.614610  0.471075  0.711408  0.388032
  0.560143  0.577770  0.584825  0.554734  0.542199  0.542199  0.557396
  0.340922  0.349460  0.546801  0.506835  0.552836  0.549637  0.584143
  0.633932  0.617975  0.550814  0.570469  0.639188  0.648726  0.664931
  0.632678  0.583595  0.582934  0.564979  0.569259  0.582236  0.578322
  0.619812  0.600050  0.598219  0.662188  0.605236  0.589847  0.353558
  0.611752  0.605075  0.571624  0.034945  0.030510  0.018868  0.018950
  0.011322  0.000000  0.269643  0.303151  0.312885  0.255339  0.949667
  0.591502  0.495114  0.472712  0.534737  0.527795  0.908709  0.774730
  0.784139  0.779163  0.794388
Pelteobagr  0.643787  0.636260  0.646495  0.699387  0.706295  0.626394
  0.562267  0.601758  0.635229  0.636040  0.619952  0.531871  0.718134
  0.672741  0.666638  0.672901  0.677389  0.677896  0.677379  0.673883
  0.721974  0.489959  0.658808  0.431612  0.647578  0.633817  0.717228
  0.709515  0.720355  0.654552  0.485045  0.694093  0.713010  0.728304
  0.712650  0.678358  0.680840  0.686214  0.669521  0.670946  0.646320
  0.667142  0.663083  0.661883  0.718617  0.665958  0.672190  0.687746
  0.493402  0.514211  0.477353  0.376576  0.375108  0.274660  0.391712
  0.269613  0.269643  0.000000  0.108669  0.349713  0.400786  0.978517
  0.626347  0.611942  0.603312  0.591575  0.547129  0.811237  0.876316
  0.999452  0.799173  0.816422
Ictalurus_  0.679820  0.672049  0.700124  0.732754  0.739906  0.682676
  0.586693  0.632736  0.675728  0.689988  0.670472  0.541102  0.698351
  0.661701  0.663278  0.663556  0.693769  0.692523  0.692010  0.697987
  0.733130  0.465862  0.658490  0.434238  0.662784  0.647174  0.718214
  0.704001  0.718232  0.660096  0.482464  0.700956  0.727146  0.748653
  0.714600  0.710131  0.681219  0.700894  0.672797  0.684365  0.664438
  0.689384  0.662296  0.661089  0.720985  0.670890  0.677165  0.677447
  0.522369  0.522068  0.487213  0.393825  0.381853  0.317089  0.398598
  0.303103  0.303151  0.108669  0.000000  0.349686  0.389593  0.991566
  0.654427  0.635391  0.638280  0.622594  0.595228  0.840777  0.897461
  1.020290  0.823864  0.843892
Barbus_bar  0.651990  0.644997  0.659366  0.706900  0.713458  0.695941
  0.552229  0.624116  0.638980  0.654580  0.607573  0.552625  0.661742
  0.632853  0.630409  0.637153  0.623295  0.620805  0.619079  0.632374
  0.686250  0.497351  0.641935  0.475025  0.635101  0.630711  0.681043
  0.678691  0.679983  0.639854  0.507314  0.676505  0.685520  0.704827
  0.662272  0.698115  0.636275  0.654977  0.646327  0.649074  0.602056
  0.648274  0.625375  0.622743  0.673170  0.633671  0.636733  0.659782
  0.586576  0.578662  0.500472  0.417883  0.403723  0.331758  0.426523
  0.322397  0.312885  0.349713  0.349686  0.000000  0.245748  0.934006
  0.651441  0.627568  0.606720  0.614307  0.593603  0.876136  0.874713
  0.995224  0.797009  0.782108
Danio_reri  0.621943  0.615071  0.676208  0.663419  0.669854  0.656164
  0.550572  0.601302  0.630666  0.635452  0.615911  0.560392  0.652128
  0.632935  0.651852  0.657380  0.640224  0.644385  0.642610  0.645079
  0.690304  0.514084  0.669689  0.494256  0.653090  0.645275  0.689771
  0.693799  0.683814  0.650652  0.498787  0.679161  0.701215  0.720702
  0.695925  0.708822  0.663802  0.670716  0.675572  0.649682  0.618970
  0.655634  0.644796  0.643463  0.691644  0.653995  0.657102  0.674605
  0.567817  0.572266  0.531199  0.367218  0.368636  0.263738  0.389511
  0.256268  0.255339  0.400786  0.389593  0.245748  0.000000  0.979454
  0.695578  0.671623  0.666240  0.600697  0.615085  0.883606  0.917179
  1.008402  0.814343  0.804749
Strongyloc  1.069692  1.071193  1.086249  1.100155  1.100155  1.060047
  1.112450  1.112542  1.094988  1.032841  1.099710  0.984356  1.023358
  1.006943  0.995461  0.979230  1.025726  1.013226  1.013226  1.005546
  1.052244  0.987014  0.992866  0.991975  1.009683  0.990544  1.005766
  0.969098  0.965218  1.001458  0.991770  1.026071  1.024248  1.049026
  0.990559  1.022629  1.001302  1.010569  1.020255  1.036590  1.036895
  1.024630  1.019055  1.019055  1.045750  1.006764  1.018071  0.983256
  1.016184  1.064515  0.999268  1.023669  1.009034  0.954270  0.996106
  0.960044  0.949667  0.978517  0.991566  0.934006  0.979454  0.000000
  0.924547  0.910000  0.908534  0.942923  0.901946  0.878135  0.810396
  0.857736  0.893586  0.954703
Anolis_car  0.900870  0.901725  0.842815  0.842922  0.836435  0.794968
  0.831617  0.810489  0.797101  0.827033  0.822351  0.766643  0.663837
  0.814406  0.794569  0.773405  0.855079  0.856291  0.856291  0.803869
  0.767908  0.705640  0.800894  0.708616  0.810897  0.809049  0.837293
  0.850237  0.872247  0.821156  0.813483  0.841380  0.866361  0.890075
  0.857121  0.778177  0.794458  0.839576  0.838144  0.823794  0.806907
  0.874341  0.862717  0.861319  0.883703  0.850094  0.849175  0.752728
  0.794501  0.790285  0.724722  0.812316  0.801576  0.596548  0.792963
  0.591182  0.591502  0.626347  0.654427  0.651441  0.695578  0.924547
  0.000000  0.037440  0.046614  0.310473  0.279443  0.696408  0.682501
  0.867644  0.613676  0.608884
Meleagris_  0.804952  0.805755  0.757538  0.824189  0.817771  0.715063
  0.753677  0.718063  0.713760  0.745672  0.762153  0.691677  0.644350
  0.713420  0.719115  0.697512  0.757356  0.757915  0.757915  0.721693
  0.756112  0.691919  0.718359  0.654041  0.711093  0.713003  0.734478
  0.762728  0.784292  0.730448  0.714216  0.750157  0.771506  0.794877
  0.746821  0.668914  0.702618  0.735185  0.734884  0.723845  0.704049
  0.766579  0.759897  0.758513  0.783343  0.742904  0.746738  0.741637
  0.705753  0.720363  0.631903  0.720585  0.713913  0.500338  0.705466
  0.494908  0.495114  0.611942  0.635391  0.627568  0.671623  0.910000
  0.037440  0.000000  0.030574  0.294771  0.258383  0.645264  0.678186
  0.871088  0.610389  0.605626
Taeniopygi  0.793925  0.794740  0.728773  0.792603  0.786121  0.695444
  0.764407  0.699896  0.692123  0.728765  0.738287  0.683186  0.662116
  0.702013  0.705946  0.684574  0.746125  0.749833  0.749833  0.709761
  0.759264  0.702111  0.706406  0.630430  0.698411  0.700963  0.717467
  0.738585  0.760304  0.708487  0.690741  0.719476  0.740395  0.763783
  0.722862  0.655323  0.690455  0.722881  0.712358  0.699579  0.682544
  0.735418  0.737647  0.736252  0.761214  0.720609  0.727630  0.747947
  0.698815  0.706955  0.614962  0.697703  0.691007  0.478097  0.682487
  0.472526  0.472712  0.603312  0.638280  0.606720  0.666240  0.908534
  0.046614  0.030574  0.000000  0.274265  0.242113  0.635513  0.663522
  0.864081  0.614331  0.609542
Tetraodon_  0.843278  0.844113  0.791293  0.825963  0.833065  0.707777
  0.727963  0.751906  0.726098  0.747049  0.736933  0.716093  0.626439
  0.720632  0.760678  0.742296  0.776831  0.770670  0.770670  0.755584
  0.706544  0.702065  0.759099  0.730404  0.741730  0.748644  0.745669
  0.752045  0.761750  0.742437  0.726786  0.760155  0.776267  0.798966
  0.751620  0.723950  0.728967  0.746951  0.752858  0.752281  0.697825
  0.766002  0.753669  0.753669  0.790704  0.759460  0.753508  0.705018
  0.711670  0.693742  0.724706  0.678797  0.678484  0.540296  0.691278
  0.534492  0.534737  0.591575  0.622594  0.614307  0.600697  0.942923
  0.310473  0.294771  0.274265  0.000000  0.118265  0.663850  0.651574
  0.793750  0.615702  0.552389
Ornithorhy  0.830739  0.831559  0.767808  0.800770  0.807720  0.720586
  0.726262  0.719394  0.718739  0.748051  0.742383  0.661800  0.636014
  0.706315  0.711797  0.706832  0.742389  0.735932  0.735932  0.713851
  0.663560  0.687701  0.726405  0.701662  0.709364  0.705747  0.746347
  0.762252  0.764016  0.734884  0.729812  0.760468  0.773305  0.795607
  0.734326  0.710296  0.694638  0.722964  0.744766  0.754576  0.703251
  0.754626  0.748375  0.748375  0.781996  0.748407  0.742662  0.677578
  0.712161  0.702443  0.716199  0.652056  0.656217  0.532808  0.668877
  0.527560  0.527795  0.547129  0.595228  0.593603  0.615085  0.901946
  0.279443  0.258383  0.242113  0.118265  0.000000  0.626159  0.619730
  0.812927  0.594345  0.539480
Branchiost  1.150203  1.151337  1.001923  1.023182  1.031248  1.010423
  1.028853  1.065582  1.010314  1.001005  0.946780  0.936902  0.790579
  1.065370  1.054714  0.985174  1.042775  1.073568  1.073568  1.034805
  0.857326  0.922562  1.051241  0.989984  1.041512  1.052130  1.146252
  1.103933  1.125536  1.086768  1.080812  1.083358  1.108299  1.136375
  1.074216  1.045760  1.051496  1.058267  1.077741  1.103756  1.027213
  1.096586  1.110446  1.103757  1.131159  1.096960  1.101651  0.890821
  1.067487  1.050355  1.093438  1.027265  1.048890  0.911225  1.055307
  0.904805  0.908709  0.811237  0.840777  0.876136  0.883606  0.878135
  0.696408  0.645264  0.635513  0.663850  0.626159  0.000000  0.557385
  0.744487  0.488466  0.522109
Saccogloss  0.990258  0.991365  0.945197  1.035169  1.043620  0.956928
  0.939341  0.897691  0.868437  0.957154  0.945540  0.948331  0.876964
  0.975836  1.008458  0.946636  1.014013  1.021300  1.021300  0.996138
  0.937707  1.015797  0.991811  1.003765  0.993567  1.016670  0.991212
  0.984272  0.979347  0.995962  0.987961  1.026299  1.032111  1.060998
  1.015511  0.966339  0.999808  0.988971  1.010720  1.006926  0.972323
  1.038303  1.017469  1.017469  1.053787  1.030088  1.033015  0.980731
  0.916429  0.904974  0.915948  0.923521  0.917395  0.791129  0.944800
  0.787336  0.774730  0.876316  0.897461  0.874713  0.917179  0.810396
  0.682501  0.678186  0.663522  0.651574  0.619730  0.557385  0.000000
  0.664040  0.455166  0.491122
Euprymna_s  1.085962  1.087195  1.088052  1.098060  1.106727  1.014742
  1.078251  1.055565  1.037744  1.087396  1.033745  1.114652  0.976914
  1.022705  1.078611  1.030912  1.050130  1.051880  1.051880  1.044613
  1.118340  1.084550  1.043823  1.047892  1.056866  1.006861  1.065731
  1.031668  1.043017  1.048649  1.024870  1.058621  1.069431  1.101160
  1.059670  1.072869  1.056906  1.057222  1.073199  1.053325  1.053444
  1.095904  1.088705  1.088705  1.146306  1.102114  1.104250  1.142689
  1.070037  1.043045  0.976124  1.004237  1.008958  0.800080  1.028495
  0.796431  0.784139  0.999452  1.020290  0.995224  1.008402  0.857736
  0.867644  0.871088  0.864081  0.793750  0.812927  0.744487  0.664040
  0.000000  0.187283  0.206151
Crassostre  0.792487  0.793830  0.767592  0.754933  0.754933  0.743068
  0.814092  0.815468  0.765078  0.848835  0.798991  0.890294  0.840180
  0.852887  0.865082  0.875293  0.886636  0.874299  0.874299  0.872464
  0.928112  0.930931  0.887617  0.894317  0.888822  0.879582  0.897236
  0.867352  0.863509  0.876827  0.878241  0.883520  0.888421  0.927256
  0.908023  0.913463  0.880089  0.920754  0.905142  0.893091  0.896400
  0.950653  0.932449  0.932449  0.979963  0.942284  0.942284  0.951824
  0.843118  0.801629  0.853204  0.785647  0.774895  0.795919  0.799316
  0.787345  0.779163  0.799173  0.823864  0.797009  0.814343  0.893586
  0.613676  0.610389  0.614331  0.615702  0.594345  0.488466  0.455166
  0.187283  0.000000  0.103040
Mytilus_ga  0.760574  0.761892  0.788041  0.752771  0.752771  0.741532
  0.821320  0.779042  0.793325  0.835827  0.775131  0.926033  0.859496
  0.887326  0.899061  0.904033  0.907256  0.894805  0.894805  0.894472
  0.924480  0.980115  0.919323  0.930594  0.911949  0.902660  0.899661
  0.895425  0.897176  0.911500  0.912967  0.932936  0.933460  0.974087
  0.940481  0.942498  0.914516  0.950133  0.940456  0.928011  0.947343
  0.981524  0.984527  0.984527  1.018034  0.978497  0.978497  0.955213
  0.848986  0.807150  0.894348  0.808258  0.797355  0.818814  0.822281
  0.810057  0.794388  0.816422  0.843892  0.782108  0.804749  0.954703
  0.608884  0.605626  0.609542  0.552389  0.539480  0.522109  0.491122
  0.206151  0.103040  0.000000
