Row	Gene ID	Gene Name	Score(d)	Numerator(r)	Denominator(s+s0)	Fold Change	q-value(%)
1	4194	6039	6039	-4.02228927969336	-1.0468	0.260249804827514	0.484040611072877	0
2	1039	171024	171024	-3.43091975854101	-0.912	0.265817933435967	0.531447837179277	0
3	1806	25975	25975	-3.19102943843912	-1.4982	0.469503659838638	0.353994782054899	0
4	2588	389136	389136	-3.00281226153667	-0.8024	0.267216172745138	0.573394511356358	0
5	1725	256586	256586	-2.99935078685745	-0.7832	0.261123174865649	0.581076493868519	0
6	4336	64102	64102	-2.99574288970398	-1.5606	0.520939231922606	0.339010062218455	0
7	3263	5170	5170	-2.89574063579156	-0.947	0.327032051246239	0.518709968282806	0
8	712	1326	1326	-2.83838839332826	-1.5872	0.559190561704231	0.332816761910856	0
9	3626	55213	55213	-2.80799221015301	-0.6874	0.244801248918901	0.620971947040467	0
10	2989	50484	50484	-2.8075213394861	-0.8408	0.299481249946226	0.55833387713702	0
11	692	130074	130074	-2.8066704798538	-0.6224	0.221757418431401	0.649589401832677	0
12	1005	1646	1646	-2.79840575428905	-0.9974	0.35641722022309	0.500901903788311	0
13	2793	440248	440248	-2.78107833790135	-0.86385	0.310616924459552	0.549484236835956	0
14	3595	55119	55119	-2.75959992855618	-0.8142	0.295042767458683	0.568723766616029	0
15	2261	3043	3043	-2.75814286066617	-1.7046	0.618024549891621	0.306806297290038	0
16	4994	79614	79614	-2.75054356642036	-1.4658	0.532912845989796	0.362034728286472	0
17	1628	2359	2359	-2.74820693737926	-0.9306	0.338620788464873	0.524640104747909	0
18	4082	5788	5788	-2.74627778492453	-0.7852	0.285914267052769	0.580271508903667	0
19	1863	26152	26152	-2.72947258323951	-0.8729333333	0.319817586247358	0.546035504500492	0
20	5314	84000	84000	-2.72821929692412	-0.9876	0.361994360612232	0.504316034159952	0
21	2666	401504	401504	-2.71187650015448	-0.818	0.301636154874089	0.567227742467977	0
22	516	114294	114294	-2.69302000521361	-1.0074	0.374078171736453	0.497441921602296	0
23	2763	427	427	-2.68320367272753	-0.8682	0.323568430091427	0.547829932604829	0
24	4435	64747	64747	-2.66725822502718	-1.1772	0.441352092929812	0.442208910244491	0
25	5624	8886	8886	-2.64279409392056	-0.6396	0.242016584444216	0.641890894057236	0
26	137	10329	10329	-2.63403315781404	-0.7508	0.28503817340822	0.594273930678222	0
27	145	10365	10365	-2.62802138061216	-0.704	0.267882143270849	0.61386784195753	0
28	1699	253832	253832	-2.61166586473287	-0.6958	0.266419992463763	0.617366882737556	0
29	4158	59342	59342	-2.60931550881997	-0.9402	0.360324382705713	0.521160627208592	0
30	1973	27163	27163	-2.58874379053121	-0.7262	0.280522160074785	0.604494031441081	0
31	5084	79987	79987	-2.58393464480111	-0.9922	0.383988040098581	0.502710594882138	0
32	4307	6386	6386	-2.5818207484039	-1.3488	0.522422015871488	0.392618484043316	0
33	5651	8974	8974	-2.56164502428386	-0.7648	0.298558150231534	0.588534951222797	0
34	4580	667	667	-2.54559777438857	-0.8044	0.315996505061845	0.572600168502292	0
35	5562	8723	8723	-2.54497575052754	-0.6742	0.264914115531453	0.626679627954818	0
36	5744	9131	9131	-2.54221597070991	-0.7294	0.286915041209625	0.603154706681488	0
37	5179	81037	81037	-2.54024169387129	-0.7122	0.280367022444473	0.610388632637083	0
38	518	114327	114327	-2.5357162583589	-0.7022	0.276923728230721	0.614634221325443	0
39	5946	9557	9557	-2.52764881227504	-0.7156	0.283108949520529	0.608951823223583	0
40	5834	928	928	-2.51912326725388	-1.1378	0.451665075222908	0.454452054289631	0
41	3630	55233	55233	-2.51747370951796	-0.599	0.237936943585677	0.6602114205075	0
42	2061	283635	283635	-2.49869495610741	-0.8832	0.353464514682453	0.542163539385863	0
43	5154	80727	80727	-2.48633410205857	-0.9016	0.362622223318064	0.53529274330289	0
44	4238	6184	6184	-2.48355948330437	-0.7266	0.292563961074635	0.604326453339989	0
45	4612	6760	6760	-2.48145176097504	-0.6502	0.262024033763412	0.637191973972485	0
46	3834	56254	56254	-2.48040849163866	-0.6426	0.259070230635871	0.640557506298329	0
47	1886	2627	2627	-2.47796915328993	-1.0142	0.40928677366846	0.495102795387478	0
48	151	10390	10390	-2.47207156816503	-0.8184	0.331058376520823	0.567070495343894	0
49	5557	871	871	-2.46444572522498	-0.7452	0.302380365845537	0.596585161518439	0
50	5121	80230	80230	-2.46171374941468	-0.7346	0.298410000015098	0.600984629986704	0
51	2323	3188	3188	-2.45791777874597	-0.8012	0.325966965586933	0.573871645910206	0
52	2248	30001	30001	-2.44941822359748	-0.6488	0.26487922468671	0.637810609035872	0
53	674	1282	1282	-2.43037287279598	-0.8576	0.352867664710802	0.551869859626031	0
54	1373	22919	22919	-2.42832570208299	-0.8153	0.335745735961468	0.568290301684394	0
55	4871	7533	7533	-2.42242324074168	-0.7602	0.313817993162602	0.590414476215265	0
56	2546	379025	379025	-2.41841032771299	-0.8098	0.334848057304568	0.570460935130633	0
57	37	10095	10095	-2.37250685649402	-0.73525	0.309904267710534	0.600713919953707	0
58	3274	51747	51747	-2.37044276593807	-0.6698	0.282563244987245	0.628593822828199	0
59	2599	390	390	-2.3587692418546	-0.6502	0.275652229333283	0.637191973972485	0
60	838	145815	145815	-2.35632930337056	-0.6218	0.263885017730994	0.6498596146554	0
61	1278	221061	221061	-2.35428447827151	-0.753	0.319842400928899	0.593368398828266	0
62	4589	6696	6696	-2.35365115761993	-0.9776	0.415354670055937	0.507823829579957	0
63	2244	29995	29995	-2.35145241256173	-0.859	0.365306138202552	0.551334581534456	0
64	34	10092	10092	-2.34187573983291	-1.2318	0.525988624865248	0.425785876239187	0
65	177	10437	10437	-2.3357439756968	-1.1152	0.477449588483821	0.461627155816384	0
66	5145	8038	8038	-2.33239409702729	-0.6786	0.29094568575049	0.624771262190602	0
67	1175	2023	2023	-2.32881251737995	-0.8172	0.35090845394433	0.56754236754085	0
68	3014	5082	5082	-2.32576470957208	-0.5676	0.244048762827962	0.674738318423054	0
69	1116	1948	1948	-2.31991133970606	-0.6462	0.278545127540036	0.638961096644901	0
70	1323	2274	2274	-2.31712276387665	-0.65	0.280520311713015	0.637280313659631	0
71	2657	4012	4012	-2.3158868878873	-0.8566	0.369879895464776	0.552252519267672	0
72	2173	2919	2919	-2.31329110410089	-0.937	0.405050621747921	0.522317881432116	0
73	1471	23176	23176	-2.31239080612415	-0.5422	0.234475936577864	0.686722910105951	0
74	1351	22869	22869	-2.31068528787825	-0.5346	0.231359935861663	0.690350055844229	0
75	2321	3185	3185	-2.29466290087571	-0.62	0.270192192397145	0.650670927720967	0
76	2620	3937	3937	-2.29329345465892	-0.8312	0.362448163060589	0.562061538214073	0
77	1315	2246	2246	-2.29234995730036	-1.1972	0.522258827098945	0.436120889501485	0
78	1996	27286	27286	-2.28331423007858	-0.59	0.258396322428077	0.664342907048256	0
79	6080	9891	9891	-2.27172392663621	-0.4716	0.207595647723933	0.721164357230201	0
80	4362	6424	6424	-2.2507353045601	-0.9364	0.416041814469613	0.522535152509357	0.350516003524352
81	886	149628	149628	-2.24270816230076	-0.7324	0.326569462898214	0.601901784868665	0.350516003524352
82	1097	1880	1880	-2.2425864359995	-0.7026	0.313298960843334	0.614463832156454	0.350516003524352
83	2559	3838	3838	-2.23466103612739	-0.6818	0.305102200726399	0.623387010937468	0.350516003524352
84	1431	23075	23075	-2.23103875083005	-0.694	0.31106586550404	0.618137630460476	0.350516003524352
85	797	140862	140862	-2.22894670746338	-1.0406	0.466857281295989	0.486125257848326	0.350516003524352
86	788	1407	1407	-2.22618299311766	-0.7994	0.359089977091451	0.574588092283831	0.350516003524352
87	818	1439	1439	-2.22511949971272	-0.8166	0.366991525671061	0.567778450864739	0.350516003524352
88	4116	58527	58527	-2.22394162795602	-0.9512	0.427709067559579	0.517202086355811	0.350516003524352
89	493	11326	11326	-2.22016199552338	-0.8392	0.377990435694386	0.558953432712476	0.350516003524352
90	1691	253461	253461	-2.21758509960415	-0.7852	0.354078858186846	0.580271508903667	0.350516003524352
91	3944	57122	57122	-2.21035874739499	-0.5152	0.233084335566427	0.699695927621971	0.350516003524352
92	6005	9697	9697	-2.20263005451737	-0.8028	0.364473370529717	0.573235554677893	0.350516003524352
93	5533	8644	8644	-2.19998265782203	-1.0118	0.459912716312808	0.495927110699682	0.350516003524352
94	4105	58475	58475	-2.19264241908647	-0.4694	0.214079594517545	0.722264916841758	0.350516003524352
95	4123	5867	5867	-2.19103230939273	-0.493	0.225008092252479	0.71054602159068	0.350516003524352
96	2272	308	308	-2.18930772579158	-0.991	0.452654502756887	0.503128911748891	0.350516003524352
97	4771	719	719	-2.18770783761343	-0.7068	0.323077875321344	0.612677595214897	0.350516003524352
98	904	151613	151613	-2.17926083199754	-0.63076	0.289437588534016	0.645836104489182	0.350516003524352
99	5737	9114	9114	-2.1773484466923	-0.7812	0.358785017247355	0.58188259555336	0.350516003524352
100	2967	493856	493856	-2.17619500872591	-0.7422	0.341053994253269	0.597827016221089	0.350516003524352
101	5575	8754	8754	-2.17241519669588	-0.674	0.310253767799597	0.626766510220345	0.350516003524352
102	4636	6817	6817	-2.17236249856694	-0.6228	0.28669248360292	0.649409322373183	0.350516003524352
103	543	115209	115209	-2.15646838010986	-0.5566	0.258107192822203	0.67990260385205	0.350516003524352
104	5201	81606	81606	-2.15519969828627	-0.5502	0.255289568032836	0.682925448244826	0.350516003524352
105	2781	4332	4332	-2.15502384974899	-0.7722	0.358325500708469	0.585523914132764	0.350516003524352
106	3207	51520	51520	-2.14955219109986	-0.5305	0.246795589423935	0.692314754462512	0.350516003524352
107	1378	22928	22928	-2.14149225846361	-0.692	0.323139155542158	0.618995145418723	0.350516003524352
108	2175	2923	2923	-2.13799811464129	-0.8574	0.401029352705417	0.551946370336674	0.350516003524352
109	4699	7025	7025	-2.13580204339172	-0.6852	0.320816248921591	0.621919604308843	0.350516003524352
110	5042	7980	7980	-2.13553356238574	-0.8294	0.388380690712922	0.562763240334534	0.350516003524352
111	1990	27249	27249	-2.13020418111499	-0.7008	0.328982548345758	0.615230955584505	0.350516003524352
112	3487	5480	5480	-2.12400490495149	-0.732	0.344631972503245	0.602068690615708	0.350516003524352
113	2975	4953	4953	-2.12399823383829	-0.8288	0.390207480776605	0.562997335661931	0.350516003524352
114	4396	644116	644116	-2.11991190438542	-0.4678	0.220669547178951	0.723066378609544	0.350516003524352
115	2854	466	466	-2.11799968078351	-0.5832	0.275354149149001	0.667481612634212	0.350516003524352
116	1979	2720	2720	-2.11720755362354	-0.4404	0.208009837885883	0.736930259865346	0.350516003524352
117	3813	55972	55972	-2.11500694045837	-0.6318	0.298722423985557	0.645370706401882	0.56263083827514
118	2500	3688	3688	-2.11443043434061	-1.244	0.588338107414703	0.422200443711891	0.56263083827514
119	2982	5019	5019	-2.1051893294436	-0.916	0.435115258845672	0.529976391698641	0.56263083827514
120	1401	23022	23022	-2.10245473761389	-0.9552	0.454326070811909	0.515770083778507	0.56263083827514
121	1218	2113	2113	-2.09337829087469	-0.8314	0.397157075538702	0.561983625340604	0.56263083827514
122	327	10857	10857	-2.09165132394244	-1.0322	0.493485691513088	0.488963947228685	0.56263083827514
123	3077	51107	51107	-2.08327900572114	-0.4636	0.222533803070473	0.725174449619089	0.56263083827514
124	3568	55041	55041	-2.08234028317394	-0.6394	0.307058363691363	0.641979885198178	0.56263083827514
125	407	11082	11082	-2.07795652320426	-0.523	0.251689577794208	0.695923195915551	0.56263083827514
126	6003	9693	9693	-2.0743537015566	-0.6914	0.33330863462734	0.619252631801696	0.56263083827514
127	5883	9403	9403	-2.07117908420152	-0.7156	0.345503682157875	0.608951823223583	0.56263083827514
128	4859	7503	7503	-2.07034423324614	-0.9182	0.443501126650969	0.529168833975454	0.56263083827514
129	1769	25878	25878	-2.06815332073967	-0.68	0.328795739262116	0.624165274450806	0.56263083827514
130	926	153129	153129	-2.06796744513556	-0.6192	0.299424442805679	0.651031836352057	0.56263083827514
131	4357	64222	64222	-2.06490244778177	-0.6986	0.338321067298105	0.616169851599967	0.56263083827514
132	3655	55299	55299	-2.05994116969754	-0.573	0.278163283703939	0.672217497076313	0.56263083827514
133	1690	2534	2534	-2.05607072406443	-0.5098	0.24794866929102	0.702319793317595	0.56263083827514
134	1094	1871	1871	-2.04425698010418	-0.5616	0.27472084256813	0.677550319540074	0.56263083827514
135	2596	389833	389833	-2.04350117008165	-0.654	0.320038965269528	0.635515844652833	0.56263083827514
136	4029	57539	57539	-2.02859557461523	-0.8446	0.41634715690445	0.556865183525282	0.56263083827514
137	2064	283666	283666	-2.02533283088286	-0.4786	0.236306839400503	0.717673721127765	0.56263083827514
138	1790	25938	25938	-2.01812813231474	-0.5914	0.293043831325853	0.663698537370816	0.56263083827514
139	3467	5464	5464	-2.01071688021491	-0.874	0.434670842324944	0.545631938527467	0.56263083827514
140	143	10351	10351	-1.99940189235884	-0.6054	0.302790550671014	0.657289115597562	0.56263083827514
141	705	131566	131566	-1.99875373395036	-0.8054	0.402951092132894	0.572203409831869	0.56263083827514
142	6118	9962	9962	-1.99798923877981	-0.5896	0.295096684484684	0.664527127550638	0.56263083827514
143	4947	79031	79031	-1.99684939135564	-0.5724	0.286651563446858	0.672497122616472	0.56263083827514
144	466	11259	11259	-1.99535805624904	-0.6452	0.323350487387148	0.639404144258391	0.56263083827514
145	3938	57095	57095	-1.99439793240127	-0.5862	0.293923289067098	0.666095065761804	0.56263083827514
146	4999	79648	79648	-1.99387969656912	-0.5606	0.281160393460362	0.67802012443691	0.56263083827514
147	899	151195	151195	-1.99301470379879	-0.5698	0.285898543003185	0.673710178021505	0.56263083827514
148	5137	80315	80315	-1.98883363014037	-0.6474	0.325517423975935	0.638429844717843	0.56263083827514
149	5484	8520	8520	-1.98659062014836	-0.722	0.363436730586234	0.606256409530869	0.56263083827514
150	4279	6289	6289	-1.98549019843029	-1.0613	0.534527947223842	0.479200062033703	0.56263083827514
151	5037	79772	79772	-1.97595468184458	-0.5872	0.297172807349934	0.665633523821713	0.888766002156662
152	2591	389337	389337	-1.97440545486978	-0.5108	0.25871079252751	0.701833151009861	0.888766002156662
153	5944	9555	9555	-1.97112817835821	-0.743	0.376941493789033	0.597495602428391	0.888766002156662
154	4707	7037	7037	-1.96806791967001	-0.9678	0.491751321347829	0.511285139562809	0.888766002156662
155	2355	3301	3301	-1.9673143203281	-0.537	0.27296095720507	0.689202576487815	0.888766002156662
156	379	11014	11014	-1.96541205796091	-0.5692	0.289608480671752	0.673990424479324	0.888766002156662
157	622	123	123	-1.96066968284131	-0.862	0.439645702457555	0.550189304683069	0.888766002156662
158	2280	30849	30849	-1.96012515608253	-1.0206	0.520681037551579	0.492911313560682	0.888766002156662
159	6111	9946	9946	-1.95327244119741	-0.4734	0.242362504080482	0.720265146829805	0.888766002156662
160	3680	55454	55454	-1.9528529870777	-0.5146	0.26351189946462	0.699986983496832	0.888766002156662
161	4813	7342	7342	-1.9510124508257	-0.5888	0.301792025853454	0.664895721821119	0.888766002156662
162	1825	260293	260293	-1.94965029106754	-0.5424	0.278203738632023	0.686627716694615	0.888766002156662
163	3366	5359	5359	-1.94885604798067	-0.6942	0.356208967162712	0.618051944328773	0.888766002156662
164	4299	6362	6362	-1.94719648560513	-0.827	0.42471317410117	0.563700206072711	0.888766002156662
165	900	1512	1512	-1.94323844668641	-0.5548666667	0.285537097954269	0.680719967210423	0.888766002156662
166	3444	54532	54532	-1.94274996197742	-0.6138	0.315943900148245	0.653473211290409	0.888766002156662
167	3829	56160	56160	-1.93967238496933	-0.5226	0.269426942430932	0.696116173547149	0.888766002156662
168	259	10625	10625	-1.93001855278332	-0.445	0.230567731775561	0.734584316639154	0.888766002156662
169	3484	54790	54790	-1.92714151817266	-0.5024	0.260696993584769	0.705931449299018	0.888766002156662
170	2251	3003	3003	-1.92480651322511	-0.7358	0.382272189409381	0.600484952863184	0.888766002156662
171	1515	23271	23271	-1.92116619366779	-0.487	0.253491864267216	0.713507252858939	0.888766002156662
172	1703	253981	253981	-1.91944678113798	-0.6804	0.35447713720753	0.62399224307908	0.888766002156662
173	2270	3075	3075	-1.91924761721583	-0.6736	0.35097086689479	0.626940310888892	0.888766002156662
174	4143	5911	5911	-1.91702120787841	-0.5842	0.304743629125804	0.667019109946074	0.888766002156662
175	2689	4060	4060	-1.91507959858426	-0.8936	0.466612458646942	0.538269281638743	0.888766002156662
176	2029	2774	2774	-1.91334866520485	-0.552	0.288499430364356	0.682073917439677	0.888766002156662
177	1346	22856	22856	-1.90450263579852	-0.6068	0.318613368442823	0.65665158764188	0.888766002156662
178	1465	23158	23158	-1.90387927103915	-0.5478	0.287728328330927	0.684062476573744	0.888766002156662
179	1461	23143	23143	-1.90323002901767	-0.4725	0.248262161060938	0.720714611790848	0.888766002156662
180	4294	6342	6342	-1.90318958079156	-0.6822	0.358450890486834	0.623214195316296	0.888766002156662
181	3501	54873	54873	-1.90037539226772	-0.7722	0.406340769903641	0.585523914132764	0.888766002156662
182	5901	9448	9448	-1.89606770686662	-0.4878	0.257269293830294	0.71311171010431	0.888766002156662
183	2087	285	285	-1.89483109015676	-0.5482	0.289313386743431	0.683872840473319	0.888766002156662
184	1659	23764	23764	-1.89471770553992	-0.5186	0.273708319969607	0.698048895482706	0.888766002156662
185	3521	54928	54928	-1.88938765569183	-0.6124	0.324126178211828	0.654107653433438	0.888766002156662
186	695	1303	1303	-1.87846402326242	-0.8612	0.458459672016669	0.550494479019793	0.888766002156662
187	1650	23678	23678	-1.86917536334168	-0.5544	0.296601384157371	0.680940194434683	0.888766002156662
188	2236	29968	29968	-1.86632859895508	-0.423	0.226648190590247	0.745872013345733	1.28522534625596
189	4939	79007	79007	-1.86458811361015	-0.4118	0.220853065078639	0.751684937469144	1.28522534625596
190	315	10788	10788	-1.86283941614252	-0.5308	0.284941361772962	0.692170806623552	1.28522534625596
191	2497	3684	3684	-1.86218106425751	-0.6116	0.32843207985463	0.654470468318395	1.28522534625596
192	822	144165	144165	-1.8619607517896	-0.3952	0.212249371862516	0.760383957714305	1.28522534625596
193	3575	55071	55071	-1.86160179520251	-0.5196	0.27911447084927	0.697565212510019	1.28522534625596
194	2462	3608	3608	-1.86090700083055	-0.4596	0.246976339921809	0.727187849995555	1.28522534625596
195	1288	221443	221443	-1.85773920824396	-0.6336	0.341059712358073	0.644566002112923	1.28522534625596
196	4165	595	595	-1.85477570718108	-0.7006	0.377727612717541	0.615316250617021	1.28522534625596
197	5859	93487	93487	-1.85010015769602	-0.4726	0.255445629813113	0.72066465739204	1.28522534625596
198	895	1508	1508	-1.84663463071233	-0.5178	0.280401976323958	0.698436083323086	1.28522534625596
199	5728	9095	9095	-1.84374591385985	-0.6602	0.358075369841978	0.632790567504786	1.28522534625596
200	1055	175	175	-1.84370133362066	-0.5494	0.297987526494374	0.683304247539772	1.28522534625596
201	2003	27309	27309	-1.84000754766533	-0.599	0.325542142889595	0.6602114205075	1.28522534625596
202	1031	170371	170371	-1.83937782676005	-0.4786	0.260196677940293	0.717673721127765	1.28522534625596
203	1021	167359	167359	-1.83469975075934	-0.4662	0.254101522500917	0.72386872971994	1.28522534625596
204	3800	5591	5591	-1.83445651414998	-0.4906	0.267436156821262	0.711729036453613	1.28522534625596
205	4453	64798	64798	-1.83046645271048	-0.6576	0.359252691589214	0.633931999924867	1.28522534625596
206	1922	26585	26585	-1.82945551346671	-0.3978	0.217441745411012	0.759014840993352	1.28522534625596
207	1286	2214	2214	-1.82437776421232	-0.716	0.392462577677346	0.608783009331493	1.28522534625596
208	5754	91526	91526	-1.8237240501866	-0.5394	0.295768430506145	0.688057004437503	1.28522534625596
209	2447	3554	3554	-1.8218075759736	-0.59206666668	0.32498858523167	0.663391914368483	1.28522534625596
210	1119	1960	1960	-1.82110725700323	-0.4866	0.267200077386292	0.713705106502262	1.28522534625596
211	5495	85440	85440	-1.82078628510259	-0.575	0.315797633530397	0.671286251390132	1.28522534625596
212	2112	285961	285961	-1.81537598296108	-0.5298	0.291840370795166	0.692650749182829	1.28522534625596
213	998	1635	1635	-1.81287344187719	-0.4552	0.251093093144247	0.729409047545872	1.28522534625596
214	3614	55176	55176	-1.81022431314674	-0.616	0.340289319686133	0.652477473844479	1.28522534625596
215	5155	8073	8073	-1.80427424212829	-0.5816	0.322345675851335	0.668222284070347	1.28522534625596
216	4713	7050	7050	-1.80285410299335	-0.4738	0.262805514441425	0.720065474609219	1.28522534625596
217	305	10767	10767	-1.80190081884787	-0.4798	0.266274367035796	0.717077025101434	1.28522534625596
218	748	1363	1363	-1.80099672842029	-0.3932	0.218323550395834	0.761438804702452	1.28522534625596
219	2812	4430	4430	-1.7974516476617	-0.5746	0.319674802238768	0.671472397263237	1.28522534625596
220	835	1456	1456	-1.79693540623451	-0.4442	0.247198646350246	0.734991769637042	1.28522534625596
221	3596	55122	55122	-1.7955784889327	-0.45274285716	0.252143172771641	0.730652407570512	1.28522534625596
222	2033	2782	2782	-1.79488004109608	-0.7678666667	0.427809463094306	0.587285259768153	1.28522534625596
223	4484	6503	6503	-1.79406648024249	-0.5138	0.28638849544224	0.700375246339432	1.28522534625596
224	5220	81847	81847	-1.78810610253615	-0.5632	0.314970123529687	0.676799308715995	1.28522534625596
225	915	1522	1522	-1.78327700186252	-0.6058	0.339711665303416	0.657106901620034	1.28522534625596
226	355	10954	10954	-1.78000312211209	-0.436	0.2449433905951	0.739181215636921	1.28522534625596
227	2460	3600	3600	-1.77914879965277	-0.5374	0.302054555585729	0.689011515446633	1.28522534625596
228	3597	55125	55125	-1.77894975665118	-0.6478	0.36414744012752	0.638252858915678	1.28522534625596
229	2305	3135	3135	-1.77846150354215	-1.1548	0.649325272264814	0.449128444549474	1.28522534625596
230	2338	3251	3251	-1.77710973338596	-0.574	0.322996373952861	0.671751712860648	1.28522534625596
231	4120	5861	5861	-1.77562456966588	-0.6744	0.379810018131762	0.626592757732896	1.28522534625596
232	1963	27122	27122	-1.77515603522838	-0.73	0.411231455439963	0.60290391384538	1.28522534625596
233	1506	2326	2326	-1.77345838237722	-0.538	0.303362066652413	0.688725023191569	1.28522534625596
234	694	130271	130271	-1.77015606459088	-0.534	0.301668316529717	0.690637224071928	1.28522534625596
235	1918	26528	26528	-1.76394062063543	-0.4222	0.239350460588583	0.746285727307486	1.28522534625596
236	2504	3693	3693	-1.76180279327099	-0.5842	0.331592163567504	0.667019109946074	1.28522534625596
237	1698	253827	253827	-1.76177040623146	-0.6308	0.358048924972761	0.645818198358418	1.28522534625596
238	1280	221154	221154	-1.75990042988886	-0.5732	0.325700244323595	0.672124314402829	1.28522534625596
239	3245	51645	51645	-1.75970805092338	-0.5576	0.316870744387063	0.679431494572032	1.28522534625596
240	4861	7508	7508	-1.75311944198881	-0.5376	0.306653378614137	0.688916004789219	1.28522534625596
241	3424	54465	54465	-1.74793533150368	-0.4252	0.243258427435195	0.74473548214487	1.28522534625596
242	5639	8910	8910	-1.74552197386778	-0.505	0.289311740304825	0.70466037757101	1.28522534625596
243	3022	5090	5090	-1.74190263159985	-0.419	0.240541573563827	0.747942879181195	1.28522534625596
244	3922	57018	57018	-1.74187484514874	-0.6846	0.393024792743671	0.622178307193024	1.28522534625596
245	2141	28977	28977	-1.7410133644936	-0.4836	0.277769263500549	0.715190758677317	1.28522534625596
246	2254	301	301	-1.73907089329107	-0.9332	0.536608371516117	0.523695458911282	1.28522534625596
247	2298	3117	3117	-1.73896571322807	-0.6642	0.38195117646514	0.631038529476584	1.28522534625596
248	5158	80760	80760	-1.73777532830252	-0.5192	0.298772799650206	0.697758645468405	2.05719511592269
249	655	1266	1266	-1.7346566018451	-0.5662	0.326404660955805	0.675393406370544	2.05719511592269
250	2282	3091	3091	-1.73197559782748	-0.439	0.253467774344317	0.73764572854142	2.05719511592269
251	5545	8673	8673	-1.73170809389997	-0.745	0.430211074617196	0.596667871515861	2.05719511592269
252	5777	919	919	-1.7306068552986	-0.419	0.242111603058284	0.747942879181195	2.05719511592269
253	442	11183	11183	-1.73052847324147	-0.436	0.251946157917485	0.739181215636921	2.05719511592269
254	3019	50865	50865	-1.73020137016373	-0.6552	0.378684245255221	0.634987457214348	2.05719511592269
255	846	146223	146223	-1.73019969773446	-0.4732	0.273494441491125	0.720365003702352	2.05719511592269
256	3741	55717	55717	-1.72812795083599	-0.5362	0.310277951201826	0.689584857527011	2.05719511592269
257	5056	79868	79868	-1.72812072535991	-0.4886	0.282734876580015	0.712716386624356	2.05719511592269
258	2556	3831	3831	-1.72805888596389	-0.4768	0.275916523373592	0.718569696279374	2.05719511592269
259	1070	1808	1808	-1.72703048258543	-0.6636	0.384243362633974	0.631301025603855	2.05719511592269
260	4880	7555	7555	-1.72579601553031	-0.6356	0.368293815885703	0.643673062980071	2.05719511592269
261	4758	7163	7163	-1.72439760097144	-0.558	0.32359126438453	0.679243142274472	2.05719511592269
262	3665	55325	55325	-1.72062448351263	-0.5412	0.314536963286229	0.687199075162086	2.05719511592269
263	1779	25917	25917	-1.72055032098168	-0.5786	0.336287752205859	0.669613258971191	2.05719511592269
264	2498	3685	3685	-1.71889875905604	-0.8136	0.47332630599303	0.568960341372165	2.05719511592269
265	2677	4040	4040	-1.71878712464188	-0.4974	0.289390112870223	0.708382265755933	2.05719511592269
266	3531	54951	54951	-1.71709280976429	-0.5428	0.316115702606962	0.686437369457196	2.05719511592269
267	2656	401166	401166	-1.7149158230207	-0.4022	0.234530461845967	0.756703487835422	2.05719511592269
268	3919	57003	57003	-1.71374377294757	-0.4856	0.28335624476977	0.714199980675091	2.05719511592269
269	1838	26061	26061	-1.71360558125653	-0.5226	0.304970995494071	0.696116173547149	2.05719511592269
270	2103	285636	285636	-1.71246946755196	-0.4456	0.260209018872028	0.734278875129556	2.05719511592269
271	3670	55353	55353	-1.71189335898203	-0.4624	0.270110283198344	0.725777883695677	2.05719511592269
272	5412	84649	84649	-1.70967723396409	-0.8032	0.469796277357969	0.573076642065468	2.05719511592269
273	3492	54832	54832	-1.70892059165707	-0.5422	0.31727629864548	0.686722910105951	2.05719511592269
274	500	11335	11335	-1.70581621409469	-0.4462	0.261575658803786	0.733973560623099	2.05719511592269
275	4811	734	734	-1.69877137920075	-0.6312	0.371562652707847	0.645639164353609	2.05719511592269
276	5122	80232	80232	-1.69529785219842	-0.4832	0.285023660811815	0.715389079152278	2.05719511592269
277	2501	3689	3689	-1.69136364284044	-0.5638	0.333340498589154	0.676517894318945	2.05719511592269
278	2398	340562	340562	-1.69067316676427	-0.5076	0.300235438746261	0.703391594483547	2.05719511592269
279	297	1075	1075	-1.68959640858922	-0.6328	0.374527311246108	0.644923524515659	2.05719511592269
280	739	135228	135228	-1.68940720952861	-0.5226	0.309339274185897	0.696116173547149	2.05719511592269
281	1417	23048	23048	-1.68848326859584	-0.4596	0.272196952465041	0.727187849995555	2.05719511592269
282	2309	316	316	-1.6860855374663	-0.574	0.340433499514239	0.671751712860648	2.05719511592269
283	2584	388815	388815	-1.68325508889705	-0.474	0.281597247574988	0.719965659257343	2.05719511592269
284	20	10051	10051	-1.68254987966738	-0.4858	0.288728438824076	0.714100978396972	2.05719511592269
285	4877	7543	7543	-1.68031222985918	-0.5314	0.316250748257979	0.691883000729407	2.05719511592269
286	2665	4015	4015	-1.67933408719396	-0.5554	0.330726330296809	0.680468366200876	2.05719511592269
287	2633	3988	3988	-1.67931878764176	-0.5602	0.333587645253871	0.67820813759491	2.05719511592269
288	3638	55255	55255	-1.67915534940993	-0.5096	0.30348591640379	0.702417162263458	2.05719511592269
289	5104	80150	80150	-1.67505443115715	-0.4584	0.273662748788008	0.727792959468177	2.05719511592269
290	255	10614	10614	-1.67478407424508	-0.4388	0.262003924415027	0.737747995041228	2.05719511592269
291	3016	50856	50856	-1.6731655568158	-0.6964	0.4162170307434	0.617110180452511	2.05719511592269
292	1761	25853	25853	-1.67301919627338	-0.4582	0.273876116317513	0.727893859989484	2.05719511592269
293	5965	9604	9604	-1.67055363228999	-0.4486	0.268533731170941	0.732753571572851	2.05719511592269
294	1270	2209	2209	-1.66591622324657	-0.631	0.378770547519066	0.645728675151167	2.05719511592269
295	316	10797	10797	-1.66395549075864	-0.4396	0.264189758945761	0.737339014091123	2.05719511592269
296	4168	5955	5955	-1.66386930085078	-0.4794	0.28812359225263	0.717275868633005	2.05719511592269
297	2659	401260	401260	-1.66006216681681	-0.4252	0.25613498608629	0.74473548214487	2.05719511592269
298	691	13	13	-1.65773763701431	-0.5338	0.322005115937048	0.690732973357541	2.05719511592269
299	3658	55312	55312	-1.65586519821311	-0.501	0.302560860956944	0.706616821941365	2.05719511592269
300	2227	29940	29940	-1.65501247644852	-0.4952	0.299212245857292	0.709463318782775	2.05719511592269
301	586	1176	1176	-1.65467310694305	-0.5362	0.324051921645485	0.689584857527011	2.05719511592269
302	4365	6426	6426	-1.65300322349137	-0.3694	0.223472038499583	0.774104370791979	2.05719511592269
303	3412	54432	54432	-1.65242466729886	-0.4718	0.28551982389081	0.721064389551405	2.05719511592269
304	2710	4123	4123	-1.65209651416376	-0.5746	0.347800503828824	0.671472397263237	2.05719511592269
305	2450	3569	3569	-1.64735934813222	-0.383	0.232493293241845	0.766841329836546	2.05719511592269
306	5363	84272	84272	-1.64583169736083	-0.401	0.243645811806288	0.757333157938488	2.05719511592269
307	2786	4354	4354	-1.64350972944255	-0.6652	0.404743572905786	0.630601278456215	2.05719511592269
308	2605	3912	3912	-1.64348524675018	-0.5984	0.364104272419404	0.660486051822337	2.05719511592269
309	1381	22934	22934	-1.63758651575503	-0.6428	0.392528879430611	0.640468712327304	2.05719511592269
310	3002	5067	5067	-1.63682092792345	-0.3994	0.244009587845812	0.758173533204421	2.05719511592269
311	4103	5836	5836	-1.63598275398947	-0.5942666666	0.363247512940362	0.662381063219501	2.05719511592269
312	1686	253017	253017	-1.63566550101437	-0.424	0.259221705010623	0.74535519339946	2.05719511592269
313	5236	821	821	-1.63360988809875	-0.5508	0.337167400866457	0.682641486587695	2.05719511592269
314	3982	57237	57237	-1.63351037284934	-0.7112	0.435381379770151	0.610811868462256	2.05719511592269
315	1688	253260	253260	-1.63084478189529	-0.3544	0.217310687034319	0.782194881198481	2.05719511592269
316	5973	963	963	-1.62707727912732	-0.7234	0.444600886067315	0.605668380001373	2.05719511592269
317	88	10213	10213	-1.62662623677347	-0.6104	0.375255228398855	0.655015068011491	2.05719511592269
318	5657	89866	89866	-1.62524143519833	-0.5298	0.325982336239998	0.692650749182829	2.05719511592269
319	2947	4891	4891	-1.62352353778677	-0.4024	0.247855969214073	0.756598593728472	2.05719511592269
320	1760	2585	2585	-1.62333922192655	-0.3599	0.221703507892132	0.779218589105461	2.05719511592269
321	4882	7559	7559	-1.62271464279144	-0.6116	0.376899292008549	0.654470468318395	2.05719511592269
322	3148	51309	51309	-1.61993913279496	-0.4682	0.289023204959677	0.722865929830253	2.05719511592269
323	4499	65264	65264	-1.61846615207293	-0.41	0.25332627406194	0.752623373705534	2.05719511592269
324	4587	669	669	-1.61756986936997	-0.4106	0.25383756694227	0.752310431522837	2.05719511592269
325	48	10123	10123	-1.61595425376243	-0.4934	0.305330425568184	0.710349043710265	2.05719511592269
326	5398	8453	8453	-1.61548406554256	-0.4704	0.291182073555159	0.721764454418128	2.05719511592269
327	4177	598	598	-1.61488977579179	-0.53956	0.334115682747108	0.687980700705128	2.05719511592269
328	4879	7552	7552	-1.61453007403226	-0.5108	0.316376887749316	0.701833151009861	2.05719511592269
329	4503	653238	653238	-1.61058639324764	-0.618	0.383711176619247	0.651573574681647	2.05719511592269
330	1978	272	272	-1.60890098405748	-0.648	0.402759403108705	0.638164384414476	2.05719511592269
331	909	1520	1520	-1.60770157596028	-0.5088	0.316476644427057	0.702806773057004	2.05719511592269
332	1418	23049	23049	-1.60537247790016	-0.5304	0.330390614827139	0.692362743727686	3.16431343871294
333	2336	3240	3240	-1.59977996497328	-0.8016	0.501068907944094	0.57371255696029	3.16431343871294
334	3241	51635	51635	-1.59601034968981	-0.5772	0.361651790110372	0.670263371116085	3.16431343871294
335	3990	57337	57337	-1.59536913372144	-0.71968	0.451105631159628	0.607232115654459	3.16431343871294
336	4606	6741	6741	-1.58965343884855	-0.6312	0.397067678133169	0.645639164353609	3.16431343871294
337	4751	714	714	-1.58862938141436	-0.5174	0.325689557333603	0.698629757771608	3.16431343871294
338	3678	55421	55421	-1.5884665471382	-0.4182	0.263272777606449	0.748357741793244	3.16431343871294
339	4441	64769	64769	-1.58835615208618	-0.4266	0.268579562234638	0.744013136866074	3.16431343871294
340	2684	4053	4053	-1.58640035908076	-0.53546666668	0.337535643896523	0.6899354680753	3.16431343871294
341	2072	284040	284040	-1.58563231464445	-0.4306	0.27156358761303	0.741953151499334	3.16431343871294
342	2911	4780	4780	-1.58434304121403	-0.481	0.303595867490556	0.71648082518655	3.16431343871294
343	4172	597	597	-1.58398311485758	-0.6594	0.416292316385763	0.633141558409335	3.16431343871294
344	5071	7991	7991	-1.58296075600875	-0.4036	0.254965259541638	0.755969534364705	3.16431343871294
345	4836	7412	7412	-1.58020610741525	-0.6822	0.431715835547478	0.623214195316296	3.16431343871294
346	3763	55790	55790	-1.57983536227053	-0.3665	0.231986198532275	0.775661983727288	3.16431343871294
347	4196	60436	60436	-1.57956951782122	-0.4188	0.26513552919005	0.74804657326814	3.16431343871294
348	5855	9332	9332	-1.57843352073531	-0.6214	0.39368145179185	0.650039818979733	3.16431343871294
349	2035	2790	2790	-1.57700400054335	-0.7268	0.460873910116642	0.604242681711276	3.16431343871294
350	1840	26064	26064	-1.5755808574434	-0.5128	0.325467269786516	0.700860877754346	3.16431343871294
351	3156	51338	51338	-1.57312404665073	-0.6742	0.428573958573332	0.626679627954818	3.16431343871294
352	3213	51535	51535	-1.57255587453913	-0.6046	0.384469645746095	0.657653695148966	3.16431343871294
353	4137	5901	5901	-1.57255363270359	-0.4882	0.310450460860066	0.712914020962598	3.16431343871294
354	5344	84188	84188	-1.570976422129	-0.4448	0.283136012568032	0.734686158707738	3.16431343871294
355	2051	283131	283131	-1.56916337797204	-0.454	0.289326150720355	0.730016005327261	3.16431343871294
356	2208	29841	29841	-1.56529218822394	-0.3994	0.255160028910116	0.758173533204421	3.16431343871294
357	1634	23613	23613	-1.56458227722935	-0.4076	0.260516820324592	0.753876444738556	3.16431343871294
358	5418	84669	84669	-1.56323361603052	-0.525	0.335842317243101	0.694959109921169	3.16431343871294
359	1239	2181	2181	-1.56168981383744	-0.4065333333	0.260316312303434	0.754434034680563	3.16431343871294
360	5033	79753	79753	-1.56037060882057	-0.3706	0.237507677922826	0.773460756586221	3.16431343871294
361	197	10483	10483	-1.556685156148	-0.3482	0.223680426722651	0.785563606878852	3.16431343871294
362	1632	23607	23607	-1.55546836603491	-0.465	0.298945327435585	0.724471077277439	3.16431343871294
363	1012	1654	1654	-1.55408469696891	-0.6706	0.43150801324274	0.628245353024665	3.16431343871294
364	128	10296	10296	-1.55234479452909	-0.4689	0.302059182761806	0.722515278168927	3.16431343871294
365	4996	79621	79621	-1.5523220472266	-0.3208	0.206658148399777	0.800625793265654	3.16431343871294
366	4337	64110	64110	-1.55144960087392	-0.5754	0.370878950676762	0.671100157120468	3.16431343871294
367	3124	51251	51251	-1.55124240805398	-0.4032	0.259920691896123	0.756179162684551	3.16431343871294
368	684	1290	1290	-1.55063565066174	-0.6576	0.424084148793669	0.633931999924867	3.16431343871294
369	5874	9397	9397	-1.5484722430652	-0.434	0.280276254187738	0.740206649000025	3.16431343871294
370	2360	3312	3312	-1.54423855571865	-0.5962	0.386080245045133	0.661494011055686	3.16431343871294
371	3436	545	545	-1.54370702082053	-0.4048	0.262225924051855	0.755340998020259	3.16431343871294
372	3196	51479	51479	-1.54363119747286	-0.3422	0.221685076435505	0.788837477177483	3.16431343871294
373	4482	65008	65008	-1.5420781035152	-0.545	0.353419193721551	0.685391402489852	3.16431343871294
374	3149	51312	51312	-1.54188667617313	-0.6303	0.40878490601162	0.646042060680234	3.16431343871294
375	3963	57181	57181	-1.54082830430126	-0.5126	0.332678208577207	0.700958044437548	3.16431343871294
376	5910	948	948	-1.53860913535962	-0.631	0.410110654810662	0.645728675151167	3.16431343871294
377	2547	3791	3791	-1.53857002600934	-0.6184	0.401931657023094	0.651392945168884	3.16431343871294
378	1265	2202	2202	-1.53781412054342	-0.5132	0.333720436783771	0.700666584793762	3.16431343871294
379	469	11266	11266	-1.53651269353655	-0.3606	0.234687289937069	0.778840601595564	3.16431343871294
380	4584	6683	6683	-1.53635117398992	-0.4394	0.286002319937617	0.737441238068332	3.16431343871294
381	4711	7048	7048	-1.53441471299595	-0.5876	0.382947318624642	0.66544899660367	3.16431343871294
382	2159	29090	29090	-1.527189417788	-0.4752	0.311159830250974	0.719367057643091	3.16431343871294
383	5446	84888	84888	-1.52697272716335	-0.5126	0.335696892866092	0.700958044437547	3.16431343871294
384	1295	221830	221830	-1.52677159605679	-0.4084	0.267492531990233	0.753458522756113	3.16431343871294
385	3594	55117	55117	-1.52673354096314	-0.3324	0.217719720620211	0.794214166642528	3.16431343871294
386	5868	9373	9373	-1.52550864129498	-0.435	0.285150793790808	0.739693754624419	3.16431343871294
387	4983	79573	79573	-1.52497249203325	-0.458	0.300333286267576	0.727994774499543	3.16431343871294
388	5301	83892	83892	-1.52464682014473	-0.5766	0.378185946005033	0.670542183789084	3.16431343871294
389	3033	51000	51000	-1.52393377572674	-0.4852	0.31838653865954	0.714398026409975	3.16431343871294
390	1251	2196	2196	-1.52092550057546	-0.3538	0.232621518848975	0.78252025455921	3.16431343871294
391	519	114569	114569	-1.51968270339134	-0.4908	0.322962154471275	0.711630376697356	3.16431343871294
392	953	157638	157638	-1.51930898850582	-0.422	0.277757851228814	0.746389191648477	3.16431343871294
393	2264	3059	3059	-1.51691753026758	-0.4224	0.278459436041649	0.746182277308704	3.16431343871294
394	2249	3001	3001	-1.5126621701901	-0.7306	0.482989536195108	0.602653225289395	3.16431343871294
395	3995	57396	57396	-1.51183944605659	-0.4732	0.31299619892461	0.720365003702352	3.16431343871294
396	6002	9692	9692	-1.51111675606639	-0.3824	0.25305787819826	0.76716031650679	3.16431343871294
397	226	10550	10550	-1.51035142574405	-0.6182	0.409308714159325	0.651483253665124	3.16431343871294
398	5607	8846	8846	-1.5096428653706	-0.5268	0.348956704982458	0.694092574500739	3.16431343871294
399	1262	220	220	-1.50712278065481	-0.593	0.393464956944222	0.662962880149329	3.16431343871294
400	3751	55751	55751	-1.50702071695315	-0.366	0.242863283750981	0.775930854274856	3.16431343871294
401	1383	22948	22948	-1.50638210787934	-0.4832	0.320768547019083	0.715389079152278	3.16431343871294
402	1552	23362	23362	-1.50593271131866	-0.3688	0.244898060337014	0.774426378704245	3.16431343871294
403	4846	7431	7431	-1.50572980121048	-0.6008	0.399009171178658	0.659388211526318	3.16431343871294
404	121	10282	10282	-1.50546527320563	-0.4228	0.280843409359898	0.745975420329815	3.16431343871294
405	1868	2617	2617	-1.50427321365214	-0.3808	0.253145503452445	0.768011596486069	3.16431343871294
406	3093	51138	51138	-1.50330364056785	-0.4394	0.292289586842231	0.737441238068332	3.16431343871294
407	6129	9989	9989	-1.50295439952635	-0.3782	0.251637707783542	0.769396941622745	3.16431343871294
408	5746	91351	91351	-1.50025131817681	-0.39771428572	0.265098441108737	0.759059937386869	3.16431343871294
409	3312	5230	5230	-1.49851818045012	-0.5892	0.393188422861188	0.664711399136871	3.16431343871294
410	1546	23348	23348	-1.49805357264321	-0.5134	0.342711375197446	0.700569458512646	3.16431343871294
411	5960	9595	9595	-1.49780388521665	-0.5188	0.346373784392312	0.69795213206523	3.16431343871294
412	2643	4005	4005	-1.49580851818006	-0.5386	0.360072825802135	0.688438650060511	3.16431343871294
413	2691	4067	4067	-1.49551495757004	-0.4242	0.283648115889963	0.745251872391128	3.16431343871294
414	5579	8766	8766	-1.49369914181614	-0.6232	0.417219226116894	0.649229292835397	3.16431343871294
415	2190	2959	2959	-1.49195853980854	-0.472	0.316362678590634	0.720964435730112	3.16431343871294
416	627	123169	123169	-1.4918770608705	-0.3298	0.221063791816441	0.795646776173779	3.16431343871294
417	281	10714	10714	-1.49039526365003	-0.5466	0.36674834745607	0.684631700446837	3.16431343871294
