Row	Gene ID	Gene Name	Score(d)	Numerator(r)	Denominator(s+s0)	Fold Change	q-value(%)
1	2946	4885	4885	4.8067472997973	1.3488	0.280605556288944	2.54700183674917	0
2	1485	23211	23211	4.17134977365672	1.2592	0.301868715961489	2.39362973100183	0
3	6119	9967	9967	3.78062136047067	0.9836	0.26016887337206	1.97739350685761	0
4	2672	402571	402571	3.75114258851746	1.17	0.311904965591407	2.25011696937762	0
5	1631	23604	23604	3.61640976839762	1.1066	0.305994085534814	2.15337562711293	0
6	2475	3636	3636	3.4688709358074	0.6982	0.201275865525245	1.62247921894353	0
7	207	10498	10498	3.40470617574369	1.0702	0.314329620460196	2.0997244306845	0
8	1694	2537	2537	3.36568380553385	1.1006	0.327006356981721	2.14443858658004	0
9	2894	473	473	3.28591235577488	1.1286	0.343466251623091	2.18646461420892	0
10	3659	55314	55314	3.28235324042758	0.914	0.278458755975008	1.88426254780962	0
11	4509	653805	653805	3.26816002853226	1.138	0.348208163022873	2.20075721873227	0
12	4787	7291	7291	3.24678058914854	0.8738	0.269128133548794	1.83248323562381	0
13	400	11067	11067	3.14914733548272	1.2684	0.402775692870392	2.40894257058106	0
14	5747	91369	91369	3.13918469862311	1.2056	0.38404876289337	2.30633167054718	0
15	1748	25820	25820	3.05322900330567	1.3494	0.441958332813894	2.54806132533357	0
16	5226	81888	81888	3.04557307077247	0.7612	0.249936541436168	1.69489981661244	0
17	3451	54543	54543	3.02536951339628	1.1288	0.373111448040213	2.18676774357631	0
18	4252	6206	6206	3.00195183213257	0.9926	0.33065154123238	1.98976768640918	0
19	3843	563	563	2.97945077281429	1.094	0.367181767184105	2.13465067607992	0
20	1365	229	229	2.90316015043485	0.7854	0.270532784725072	1.72357012829257	0
21	766	1384	1384	2.89866299600696	0.6796	0.234452918789172	1.60169560929212	0
22	4185	5998	5998	2.89646524041852	1.1312	0.390544994020556	2.19040857564605	0
23	5888	94103	94103	2.89601205239888	1.0254	0.354073112075146	2.03552367297268	0
24	5699	90462	90462	2.88458555319788	1.2512	0.43375381902364	2.38039336233061	0
25	2022	2752	2752	2.86187780113141	0.6766	0.236418200571846	1.59836843743363	0
26	1130	1968	1968	2.8299129713954	0.684	0.241703545979623	1.60658799351407	0
27	2478	3643	3643	2.82529843970423	0.5694	0.201536231358132	1.48390630299867	0
28	5437	84869	84869	2.8178700325111	0.7892	0.280069694803035	1.7281159259321	0
29	4088	5802	5802	2.8029544701354	0.8696	0.310244068986961	1.82715623494621	0
30	4276	6284	6284	2.79685345580585	0.8276	0.295903955311647	1.77473054652889	0
31	4842	7422	7422	2.79417791939833	0.633	0.226542481638501	1.55078641269401	0
32	2738	4188	4188	2.77242374361721	0.8072	0.291153183873269	1.7498120884615	0
33	5477	85027	85027	2.76902782762336	0.8586	0.310072723515	1.81327784079509	0
34	2635	3992	3992	2.74531757074656	1.1528	0.419914989902793	2.22345005804019	0
35	4973	79191	79191	2.71903095897135	0.6962	0.256047102995614	1.62023154348115	0
36	2327	32	32	2.71678604511873	0.9372	0.344966436235888	1.91480834679332	0
37	4072	57758	57758	2.70216647933729	0.6568	0.243064224585111	1.57658177232031	0
38	3395	54165	54165	2.66550226463329	0.7348	0.275670371677996	1.66416675093295	0
39	3845	5634	5634	2.65887785342945	0.738	0.277560700672323	1.66786208764993	0
40	4079	57827	57827	2.65013514267113	0.7396	0.279080107308995	1.66971283197659	0
41	5106	80176	80176	2.64799583461457	0.7338	0.277115239536171	1.66301363812618	0
42	4741	7108	7108	2.64702652366095	0.8816	0.333052952858482	1.84241747498398	0
43	5523	8613	8613	2.63987453281604	1.1554	0.437672315724602	2.22746073410113	0
44	2577	388	388	2.61863795076122	0.7262	0.277319741657642	1.65427605234754	0
45	3988	57326	57326	2.61643764000384	0.6666	0.254773891725171	1.58732770015876	0
46	1623	23580	23580	2.61626561644131	0.7552	0.288655706536111	1.68786556389334	0
47	4490	65084	65084	2.60670924245446	0.6282	0.240993506206504	1.54563535500226	0
48	1098	1889	1889	2.60402038142635	0.8096	0.310903864568273	1.75272541658535	0
49	2420	3479	3479	2.59783506799022	0.6448	0.248206673296946	1.56352252098708	0
50	3051	51035	51035	2.58845392392253	0.6352	0.245397452946515	1.55315304780964	0
51	3059	51069	51069	2.58248239718959	0.6756	0.26160875316526	1.59726091673949	0
52	2202	29781	29781	2.57954983010526	0.5738	0.2224419134313	1.48843889941807	0
53	3704	55604	55604	2.574593463659	1.145	0.444730407406819	2.21146130664054	0
54	534	114915	114915	2.57420456333903	1.0334	0.401444397511115	2.04684236600923	0
55	6056	9842	9842	2.56957009618934	0.7424	0.288919925204988	1.67295657758589	0
56	2779	4329	4329	2.56084415962872	0.7952	0.310522605215966	1.73531792377538	0
57	633	124152	124152	2.53144184798818	0.7784	0.307492743954842	1.71522756940904	0
58	229	10555	10555	2.47652922439234	0.8116	0.327716706108784	1.75515689492991	0
59	4611	6748	6748	2.46991842014132	0.751	0.304058625530243	1.68295896457076	0
60	4826	7381	7381	2.46525912995841	0.8972	0.363937400777474	1.86244781185486	0
61	718	1337	1337	2.43771594652041	0.7778	0.319069168460842	1.71451437463175	0
62	3301	5209	5209	2.42998174066549	1.0488	0.431608181431342	2.06880834542325	0
63	647	126	126	2.42264603732072	0.9728	0.401544420858051	1.96264602833471	0
64	4242	6192	6192	2.40238958683751	1.1958	0.497754405260365	2.29071821297269	0
65	3319	5256	5256	2.40166175819889	0.5952	0.247828403799195	1.51068199604052	0
66	815	143662	143662	2.39762716885401	0.6768	0.282279083583912	1.59859003370834	0
67	1751	25828	25828	2.37821437901076	0.5294	0.22260398586111	1.44332880710793	0
68	5937	9547	9547	2.37010926872732	0.6936	0.292644735477721	1.61731421983763	0
69	2660	401320	401320	2.36785994037916	0.6776	0.286165574426458	1.59947672606873	0
70	5572	8741	8741	2.3630929697856	0.5388	0.228006264200805	1.45276363980684	0
71	5662	89894	89894	2.36175532906734	0.6122	0.259213980578488	1.52858841342735	0
72	4258	6227	6227	2.35409612400071	0.7394	0.314090827669098	1.66948137667185	0
73	2430	3488	3488	2.34101392132081	0.6324	0.270139358950586	1.55014159285205	0
74	4676	6923	6923	2.33379061572235	0.5374	0.230269157986851	1.45135455298128	0
75	5601	8834	8834	2.33372851035747	0.5594	0.239702260788816	1.47365621343969	0
76	336	109	109	2.32594768100553	0.5224	0.224596625395358	1.43634269417644	0
77	5459	84939	84939	2.31237893940045	0.4668	0.201870027462294	1.38204060173855	0.350516003524352
78	1153	2002	2002	2.31081307466806	0.5286	0.228750653090333	1.44252867753684	0.350516003524352
79	5958	9590	9590	2.29947390449807	0.6182	0.268844103336298	1.5349588717349	0.350516003524352
80	5111	80195	80195	2.29935100793308	0.471	0.204840408608771	1.38606988565041	0.350516003524352
81	6085	9902	9902	2.29769867604961	0.8028	0.34939307245467	1.74448355800594	0.350516003524352
82	2962	4926	4926	2.29534483996898	0.6198	0.270024786344686	1.5366621399155	0.350516003524352
83	2805	441124	441124	2.2834456368403	0.6354	0.278263686136724	1.55336837546589	0.350516003524352
84	839	145853	145853	2.27852253733806	0.6082	0.266927357545713	1.52435613632443	0.350516003524352
85	1947	27065	27065	2.27733075598747	0.7026	0.308519084525931	1.62743508676583	0.350516003524352
86	3635	5525	5525	2.2658870307857	0.6976	0.307870600132305	1.62180458910091	0.350516003524352
87	5333	84152	84152	2.26252088670903	0.8286	0.366228663287722	1.77596112243931	0.350516003524352
88	2928	4826	4826	2.26193879135608	0.8254	0.364908194312878	1.77202628010896	0.350516003524352
89	6110	9945	9945	2.25968446033107	0.7908	0.349960365653946	1.73003353097236	0.350516003524352
90	1621	23564	23564	2.24860381608671	0.6944	0.308813849301599	1.61821129797076	0.350516003524352
91	496	11328	11328	2.22706299822007	0.6962	0.312609028373432	1.62023154348115	0.350516003524352
92	3311	5229	5229	2.21590140576499	0.5767	0.260255261583224	1.49143385949145	0.350516003524352
93	349	10938	10938	2.2150363395098	0.573	0.25868650088459	1.48761376243451	0.350516003524352
94	2906	477	477	2.19758303447663	0.791	0.359940893058625	1.73027338116998	0.56263083827514
95	5110	80194	80194	2.19125063216357	0.6114	0.279018744376276	1.52774101899748	0.56263083827514
96	2116	286133	286133	2.17177094744963	1.044	0.48071367803589	2.06193663758958	0.56263083827514
97	621	122970	122970	2.1658936156439	0.5518	0.254767822396464	1.46591352433724	0.56263083827514
98	244	1059	1059	2.15817645318623	0.5306	0.245855708052345	1.44452983368352	0.56263083827514
99	4322	63939	63939	2.15263824489689	0.398	0.1848894030121	1.31767995173414	0.56263083827514
100	408	11083	11083	2.14981707078104	0.4292	0.199644893434616	1.3464867190335	0.56263083827514
101	4230	6158	6158	2.14692504310481	0.607	0.282729945299896	1.52308873970326	0.56263083827514
102	403	11070	11070	2.14133134456165	0.4578	0.213792228448286	1.3734458202119	0.56263083827514
103	2436	35	35	2.14016915337988	0.5538	0.25876459303481	1.4679471212462	0.56263083827514
104	5049	7982	7982	2.13867602968275	0.4675	0.218593182656724	1.38271133472879	0.56263083827514
105	4917	780	780	2.13669516135377	0.5952	0.278561027686744	1.51068199604052	0.56263083827514
106	451	11224	11224	2.12902996059878	0.692	0.325030653775007	1.61552155521922	0.56263083827514
107	2369	3375	3375	2.11281275535114	0.4874	0.230687740201094	1.40191608887509	0.56263083827514
108	5242	8241	8241	2.10095097340704	0.5654	0.269116227440144	1.47979773942858	0.56263083827514
109	2557	3835	3835	2.10052807930012	0.4302	0.20480564113351	1.34742035604301	0.56263083827514
110	2486	3662	3662	2.09421565050754	0.5698	0.272082772307574	1.48431778622778	0.888766002156662
111	6020	9739	9739	2.09309798726487	0.4356	0.208112569335187	1.35247319386904	0.888766002156662
112	2004	27314	27314	2.09182109101176	0.862	0.412081130505798	1.81755623289704	0.888766002156662
113	4106	58477	58477	2.09139458206426	0.6184	0.295687865553149	1.53517167696794	0.888766002156662
114	4231	6159	6159	2.08238010537931	0.5842	0.280544362909954	1.49920742162971	0.888766002156662
115	2897	4738	4738	2.0797557015602	0.5048	0.2427208155368	1.41892663756555	0.888766002156662
116	1935	2690	2690	2.07167573991874	0.5122	0.247239464232028	1.42622342020862	0.888766002156662
117	5750	9141	9141	2.07036903816517	0.5086	0.245656687587802	1.42266895895639	0.888766002156662
118	1941	2701	2701	2.06392731436297	0.5338	0.258633139008947	1.44773745943988	0.888766002156662
119	5529	8625	8625	2.06327718440954	0.5086	0.246501053684432	1.42266895895639	0.888766002156662
120	3442	54522	54522	2.05958505947249	0.4942	0.239951245386572	1.4085394784116	0.888766002156662
121	133	10320	10320	2.05208082079011	0.553	0.269482563453362	1.46713334416732	0.888766002156662
122	5654	89796	89796	2.0466016814532	0.5072	0.247825458464326	1.42128906202596	0.888766002156662
123	3121	51248	51248	2.04388907905072	0.5012	0.245218786644127	1.41539036149441	0.888766002156662
124	2122	287	287	2.04049587201788	0.6842	0.335310651387588	1.60681072934019	0.888766002156662
125	6053	9828	9828	2.0395093561336	0.4746	0.232703026623875	1.38953290610251	0.888766002156662
126	2341	326625	326625	2.03807647889304	0.503	0.246801337049529	1.41715739650822	0.888766002156662
127	6026	9765	9765	2.03193811925468	0.428	0.210636335794021	1.34536720852183	0.888766002156662
128	5924	9520	9520	2.02909372067009	0.5386	0.265438700299231	1.4525622579617	0.888766002156662
129	883	149345	149345	2.02474835690339	0.4514	0.222941284758153	1.36736651388779	0.888766002156662
130	4182	5986	5986	2.01874830171187	0.474	0.23479895913624	1.38895513576511	0.888766002156662
131	5724	90864	90864	2.01602860746174	0.5524	0.27400404833317	1.46652330742508	0.888766002156662
132	2918	4795	4795	2.01389435341584	0.4622	0.229505584151446	1.37764101474295	0.888766002156662
133	4558	6631	6631	1.99207336794707	0.5272	0.26464888717593	1.4411295179631	0.888766002156662
134	4193	6038	6038	1.99011455301352	0.61406666668	0.308558452451972	1.53056749543897	1.28522534625596
135	4635	6813	6813	1.98002824831673	0.657	0.331813447893248	1.57680034811256	1.28522534625596
136	83	10204	10204	1.97961887815895	0.457	0.230852516634419	1.37268443125491	1.28522534625596
137	1916	26521	26521	1.97445509897781	0.5174	0.262046982110589	1.43137332596548	1.28522534625596
138	2123	2872	2872	1.9740194743443	0.575	0.291283853818613	1.4896774631227	1.28522534625596
139	939	154141	154141	1.97368644357192	0.3804	0.192735781936852	1.30170271404046	1.28522534625596
140	2537	376497	376497	1.96097957190945	0.5002	0.255076599045315	1.41440962759168	1.28522534625596
141	4624	677809	677809	1.95947180648751	0.5924571429	0.302355533230162	1.50781261039972	1.28522534625596
142	3130	5126	5126	1.95456589257802	0.3984	0.20383042675247	1.31804534084286	1.28522534625596
143	979	1611	1611	1.94515259502542	0.513	0.263732522225741	1.42701450571788	1.28522534625596
144	275	10682	10682	1.93811033345243	0.4792	0.247251145473428	1.39397047063364	1.28522534625596
145	1166	201254	201254	1.93430802957955	0.4092	0.211548519544193	1.3279492384768	1.28522534625596
146	2489	367	367	1.92711550893392	0.446	0.231433973694045	1.36225803464049	1.28522534625596
147	5376	84319	84319	1.92251667104928	0.548	0.285043041889936	1.46205744840003	1.28522534625596
148	636	124460	124460	1.91664482306574	0.3674	0.191689141137966	1.29002587219519	1.28522534625596
149	1045	1727	1727	1.9151891065986	0.7984	0.416877893284371	1.7391712539995	1.28522534625596
150	4261	6230	6230	1.91282148574235	0.6892	0.360305446763909	1.61238917209483	1.28522534625596
151	3197	51490	51490	1.91219930601062	0.394	0.206045467520848	1.31403162714937	1.28522534625596
152	5764	91689	91689	1.90469037995304	0.6076	0.319001978691665	1.52372230623999	1.28522534625596
153	1907	26504	26504	1.8998973591529	0.3854	0.202853063689628	1.30622189849775	2.05719511592269
154	4022	57506	57506	1.89511868116595	0.4273	0.225474005531468	1.34471459061954	2.05719511592269
155	2394	340075	340075	1.89128411918524	0.4316	0.228204739637919	1.34872853554215	2.05719511592269
156	235	10572	10572	1.89073603417539	0.4804	0.254080945894448	1.39513042502004	2.05719511592269
157	1859	26137	26137	1.88337273828251	0.4	0.212384936804793	1.31950791077289	2.05719511592269
158	5782	9200	9200	1.88054970353468	0.6954	0.369785493408085	1.61933334539658	2.05719511592269
159	2574	387893	387893	1.8783038591072	0.4182	0.222647681828636	1.3362593104252	2.05719511592269
160	1592	23475	23475	1.87794155585206	0.439	0.23376659333832	1.3556643268	2.05719511592269
161	3918	56997	56997	1.87783517621731	0.4564	0.243045825203555	1.37211366654433	2.05719511592269
162	5803	92293	92293	1.86425337764666	0.7066	0.379025731412099	1.6319535559674	2.05719511592269
163	1037	170958	170958	1.86264962259533	0.6286	0.337476244793767	1.54606395553156	2.05719511592269
164	873	1487	1487	1.86139389071281	0.4404	0.236596886987391	1.35698051018114	2.05719511592269
165	1676	246721	246721	1.86060187594146	0.3594	0.193163300890549	1.28289224671476	2.05719511592269
166	2247	30000	30000	1.85747802884593	0.4964	0.267244076264212	1.41068903231798	2.05719511592269
167	2303	3131	3131	1.85693175386179	0.6586	0.35467108504679	1.57855004571655	2.05719511592269
168	5943	9554	9554	1.85548709236415	0.49	0.264081599929467	1.404444875738	2.05719511592269
169	2867	4685	4685	1.84102213879084	0.4778	0.259529741621582	1.39261840938185	2.05719511592269
170	3317	5252	5252	1.83933132809422	0.5482	0.298043094045489	1.46226014664932	2.05719511592269
171	5486	85287	85287	1.83841436006735	0.5068	0.275672346239415	1.42089505164748	2.05719511592269
172	591	1186	1186	1.83263328198841	0.3632	0.19818476700692	1.28627578675828	2.05719511592269
173	4348	641638	641638	1.83252006277538	0.6818	0.372055953901756	1.60413993627517	2.05719511592269
174	1763	25864	25864	1.83217306678024	0.4346	0.237204665803619	1.35153605571278	2.05719511592269
175	5768	91748	91748	1.83186518348977	0.6144	0.335395860752998	1.53092117246299	2.05719511592269
176	6082	9895	9895	1.82459841290457	0.4556	0.249698781264823	1.37135301608541	2.05719511592269
177	1422	23057	23057	1.81851031774574	0.4676	0.257133542458888	1.38280718029683	2.05719511592269
178	4112	58499	58499	1.81764579270673	0.5918	0.325585987310941	1.50712596305324	2.05719511592269
179	3809	55968	55968	1.81725828242458	0.4858	0.267325786707572	1.40036217601161	2.05719511592269
180	2078	284323	284323	1.81697389103151	0.431	0.237207591219331	1.34816773173706	2.05719511592269
181	2384	339448	339448	1.81652662923821	0.4038	0.222292364725389	1.32298802211137	2.05719511592269
182	2083	284805	284805	1.81112081641542	0.53	0.292636468642097	1.4439291955225	2.05719511592269
183	3137	51282	51282	1.81023605818954	0.481	0.265711202593688	1.39571076412217	2.05719511592269
184	2653	401019	401019	1.80828572267042	0.5354	0.296081528094652	1.44934394231961	2.05719511592269
185	4900	7709	7709	1.80815780091883	0.369	0.204075108827609	1.29145735030233	2.05719511592269
186	753	1368	1368	1.80589190285173	0.573	0.31729473901243	1.48761376243451	2.05719511592269
187	5822	9263	9263	1.80240200500898	0.6102	0.338548225259524	1.52647080808065	2.05719511592269
188	4189	6015	6015	1.79859317025455	0.438	0.243523664630624	1.35472497748537	2.05719511592269
189	2158	29087	29087	1.79641522690191	0.5642	0.314069927459375	1.47856739003039	2.05719511592269
190	2361	3316	3316	1.79542262462451	0.4254	0.236935857978824	1.34294479452647	3.16431343871294
191	2929	4828	4828	1.79433959276929	0.4094	0.228161938603915	1.32813334409185	3.16431343871294
192	2157	29085	29085	1.78756792407359	0.5934	0.331959413686353	1.50879834642734	3.16431343871294
193	615	121665	121665	1.78555030848909	0.3626	0.203074647785661	1.28574095092096	3.16431343871294
194	3364	5355	5355	1.77413149752104	0.4898	0.276078746521544	1.4042501918316	3.16431343871294
195	4662	6890	6890	1.77146346666618	0.3816	0.215415111392703	1.30278589033777	3.16431343871294
196	3402	5434	5434	1.76905303926554	0.4964	0.280602101227045	1.41068903231798	3.16431343871294
197	3718	5565	5565	1.76654728799895	0.4818	0.272735410635827	1.39648492513016	3.16431343871294
198	795	140823	140823	1.76450227427809	0.5978	0.338792422494654	1.51340697567084	3.16431343871294
199	1232	2152	2152	1.76214917921746	0.5826	0.330619000292995	1.49754566903554	3.16431343871294
200	5613	8864	8864	1.7588037604643	0.3824	0.217420503978825	1.30350850856498	3.16431343871294
201	548	1154	1154	1.75609332823468	0.5528	0.314789647629779	1.46692997039624	3.16431343871294
202	3522	5493	5493	1.75593602924098	0.5214	0.296935646468499	1.43534744225553	3.16431343871294
203	2819	4482	4482	1.75321706773549	0.3812	0.217428866633366	1.30242473146063	3.16431343871294
204	1152	200185	200185	1.7514398168281	0.6046	0.345201698734327	1.52055710684251	3.16431343871294
205	3948	5714	5714	1.74917344730871	0.5058	0.289165148703936	1.41991050350636	3.16431343871294
206	2139	28974	28974	1.74415735441219	0.547	0.313618492400503	1.46104437854568	3.16431343871294
207	5574	8751	8751	1.74374032361373	0.5166	0.296259708515197	1.43057982408307	3.16431343871294
208	4458	64839	64839	1.74013450798348	0.4906	0.281932228657728	1.40502908941692	3.16431343871294
209	4153	59286	59286	1.73883880085892	0.7234	0.416024762987039	1.65106852696806	3.16431343871294
210	996	1632	1632	1.73739221615695	0.3946	0.227122002925074	1.31457823119512	3.16431343871294
211	3643	55268	55268	1.73632090972373	0.37333333332	0.215014016838282	1.29534225187998	3.16431343871294
212	3458	54566	54566	1.73134256270494	0.4066	0.234846649506932	1.3255581865766	3.16431343871294
213	2850	4649	4649	1.72253238989538	0.642	0.372707069989549	1.56049096034741	3.16431343871294
214	881	149175	149175	1.72157896185386	0.4462	0.259180676510774	1.36244689679429	3.16431343871294
215	3629	5523	5523	1.72110687091006	0.3582	0.208121881362659	1.28182561060521	3.16431343871294
216	4240	6187	6187	1.71763562117747	0.3294	0.191775249615626	1.25649070604933	3.16431343871294
217	850	1466	1466	1.71627910091299	0.4808	0.280140916325459	1.39551729093681	3.16431343871294
218	4780	7263	7263	1.71342704997921	0.5276	0.307920900400401	1.4415291393047	3.16431343871294
219	5291	83752	83752	1.71337133520002	0.3788	0.221084590489999	1.3002598797597	3.16431343871294
220	3017	50861	50861	1.71185501798957	0.4796	0.28016391280802	1.39435701489818	3.16431343871294
221	3023	5092	5092	1.70931056660909	0.7312	0.427774808325525	1.66001928276658	3.16431343871294
222	4144	5912	5912	1.70778220536658	0.556	0.325568446756741	1.47018733638904	3.16431343871294
223	4972	7918	7918	1.70768779887352	0.365	0.213739303074468	1.28788162950983	3.16431343871294
224	3360	535	535	1.70721455583112	0.4284	0.250935067614535	1.34574027523243	3.16431343871294
225	3646	55275	55275	1.70311724127076	0.4066	0.238738702273145	1.3255581865766	3.16431343871294
226	4234	6165	6165	1.70132860668351	0.5844	0.343496252108053	1.49941527031583	3.16431343871294
227	2089	28511	28511	1.69804484205401	0.3648	0.214835315867587	1.28770310358051	3.16431343871294
228	3897	56941	56941	1.69416009007557	0.4168	0.246021614156551	1.33496322526842	3.16431343871294
229	706	131583	131583	1.69125029059076	0.4052	0.239586063786255	1.32427248081825	3.16431343871294
230	2919	4798	4798	1.68968739474459	0.4784	0.283129294500249	1.39319770354877	3.16431343871294
231	2625	3956	3956	1.68790352423531	0.5678	0.336393633787356	1.48226151048167	3.16431343871294
232	3912	56987	56987	1.68777969137488	0.509	0.301579644903397	1.4230634612346	3.16431343871294
233	2528	374920	374920	1.68730793020316	0.4734	0.280565267030422	1.38837760566567	3.16431343871294
234	6121	997	997	1.68500623205634	0.508	0.301482564476957	1.42207741058727	3.16431343871294
