>ancestor
1 2 3 4 5 6 7 8 9 10 11 12 13 14 15 16 17 18 19 20 21 22 23 24 25 26 27 28 29 30 31 32 33 34 $
35 36 37 38 39 40 41 42 43 44 45 46 47 48 49 50 51 52 53 54 55 56 57 $
58 59 60 61 62 63 64 65 66 67 68 69 70 71 72 73 74 75 76 77 $
78 79 80 81 82 83 84 85 86 87 88 89 90 91 92 93 94 95 96 97 98 99 100 $
>sp1
78 79 80 81 82 29 30 31 32 33 34 $
35 36 37 38 39 40 41 42 43 44 45 46 -50 -49 -48 -47 51 52 53 54 55 56 57 $
58 59 60 61 62 63 64 65 66 67 68 69 70 71 72 73 74 75 76 77 $
-5 -4 -3 -2 -1 6 7 8 9 10 11 12 13 14 15 16 17 18 19 20 21 22 23 24 25 26 27 28 83 84 85 86 87 88 89 90 91 92 93 94 95 96 97 98 99 100 $
>sp2
78 79 80 81 82 29 30 -15 -14 -13 -12 -11 -10 -9 -8 -7 -6 -5 -4 -3 -2 -1 $
35 36 37 38 39 40 41 42 43 44 45 46 -50 -49 -48 -47 51 52 53 54 55 56 57 $
58 59 60 61 62 63 64 65 66 67 68 69 70 71 72 73 74 75 76 77 $
-34 -33 -32 -31 16 17 18 19 20 21 22 23 24 25 26 27 28 83 84 85 86 87 88 89 90 91 92 93 94 95 96 97 98 99 100 $
>sp3
78 14 15 16 17 18 19 20 21 22 23 24 25 26 27 28 29 30 31 32 33 34 $
35 36 37 38 39 40 41 -46 -45 -44 -43 -42 -50 -49 -48 -47 51 52 53 54 72 73 74 75 76 77 $
58 59 60 61 62 63 64 65 66 67 68 69 70 71 55 56 57 $
1 2 3 4 5 6 7 8 9 10 11 12 13 79 80 81 82 83 84 85 86 87 88 89 90 91 92 93 94 95 96 97 98 99 100 $
>sp4
1 7 8 9 12 13 14 17 18 20 22 23 26 27 28 29 34 $
35 36 40 -45 -44 -43 -47 51 53 55 57 $
58 59 60 63 64 65 66 67 70 71 75 76 $
80 81 84 87 89 92 93 95 96 97 98 99 100 $
2 3 4 5 6 10 11 15 16 19 21 24 25 30 31 32 33 $
37 38 39 41 -46 -42 -50 -49 -48 52 54 56 $
61 62 68 69 72 73 74 77 $
78 79 82 83 85 86 88 90 91 94 $
>sp5
37 38 40 41 42 44 47 48 50 51 54 55 56 $
59 61 -69 -68 -65 -62 71 72 73 75 2 3 4 5 6 8 12 14 15 17 18 21 26 27 28 29 31 32 34 $
78 79 80 83 84 85 87 90 91 -100 -99 -95 -93 $
35 36 39 -49 -46 -45 -43 52 53 57 $
58 60 63 64 66 67 70 74 76 77 1 7 9 10 11 13 16 19 20 22 23 24 25 30 33 $
81 -96 -94 -92 -89 -88 -86 -82 97 98 $
