>ancestor
1 2 3 4 5 6 7 8 9 10 11 12 13 14 15 16 17 18 19 20 21 22 23 24 25 $
26 27 28 29 30 31 32 33 34 35 36 37 38 39 40 41 42 43 44 45 46 47 48 49 50 51 52 53 54 $
55 56 57 58 59 60 61 62 63 64 65 66 67 68 69 70 71 72 73 74 75 76 $
77 78 79 80 81 82 83 84 85 86 87 88 89 90 91 92 93 94 95 96 97 98 99 100 $
>sp1
1 2 -7 -6 -5 -4 -3 8 9 10 11 12 13 -18 -17 -16 -15 -14 19 20 21 22 23 24 25 $
-100 -99 -98 -97 -96 -95 -94 -93 -92 -91 -90 -89 -88 -87 -86 66 67 68 69 70 71 -76 -75 -74 -73 28 29 30 31 32 33 34 35 36 37 38 39 40 41 42 43 44 45 46 47 48 49 50 51 52 53 54 $
26 27 -72 $
77 78 79 80 81 82 83 84 85 -65 -64 -63 -62 -61 -60 -59 -58 -57 -56 -55 $
>sp2
55 56 57 58 59 60 61 62 63 64 65 66 67 68 69 70 71 -76 -75 -74 -73 28 29 30 31 32 33 34 35 36 37 38 39 40 41 42 43 44 45 46 47 48 49 50 51 52 53 54 1 2 -7 -6 -5 -4 -3 8 9 10 11 12 13 -18 -17 -16 -15 -14 19 20 21 22 23 24 25 $
26 27 -72 $
77 78 79 80 81 82 83 84 85 86 87 88 89 90 91 92 93 94 95 96 97 98 99 100 $
>sp3
2 -6 -3 10 12 -15 19 25 $
56 57 59 61 62 65 68 69 71 -75 -73 28 30 31 -34 -32 36 37 40 42 43 46 49 50 51 $
27 -72 $
77 -82 -79 84 85 87 92 93 94 96 98 99 100 $
-8 4 5 7 -1 9 11 13 -16 -14 17 18 20 21 22 23 24 $
55 58 60 63 64 66 67 70 -76 -74 29 33 35 38 39 41 44 45 47 48 52 53 54 $
26 $
78 -95 -91 -90 -89 -88 -86 -83 -81 -80 97 $
>sp4
55 56 57 58 59 -14 -13 -12 -11 15 16 17 18 19 20 21 22 23 24 25 $
1 2 -7 -6 -5 -4 -3 8 9 10 60 61 62 63 64 65 66 67 68 69 70 71 -76 -75 -74 -73 28 29 30 31 32 33 34 35 36 37 38 39 40 41 42 43 44 45 46 47 48 49 50 51 52 53 54 $
26 27 -72 $
77 78 -82 80 81 -79 83 84 85 86 87 88 89 90 91 92 93 94 95 96 97 98 99 100 $
>sp5
62 63 65 14 15 16 17 18 19 21 -25 -24 -23 $
26 27 29 30 33 35 37 41 42 43 46 48 -50 -49 -60 -58 -55 $
3 5 6 9 66 67 68 69 71 72 73 74 75 76 $
77 81 82 83 84 86 87 91 93 95 96 98 99 $
-54 -53 -52 -51 61 64 13 20 -22 $
28 31 32 34 36 38 39 40 44 45 47 -59 -57 -56 $
1 2 4 7 8 10 11 12 70 $
78 79 80 85 88 89 90 92 94 97 100 $
