>ancestor
1 2 3 4 5 6 7 8 9 10 11 12 13 14 15 16 17 18 19 20 21 $
22 23 24 25 26 27 28 29 30 31 32 33 34 35 36 37 38 39 40 41 42 43 44 45 46 47 48 49 50 51 52 53 $
54 55 56 57 58 59 60 61 62 63 64 65 66 67 68 69 70 71 72 73 74 75 $
76 77 78 79 80 81 82 83 84 85 86 87 88 89 90 91 92 93 94 95 96 97 98 99 100 $
>sp1
2 8 9 11 13 15 17 18 20 21 $
-76 79 80 -82 -81 84 86 50 51 52 $
54 55 56 57 58 59 61 64 65 66 69 70 71 72 74 -42 -41 -40 -39 -36 -35 -34 -33 -29 -28 -22 $
43 45 46 48 90 92 -94 -93 96 98 $
1 3 4 5 6 7 10 12 14 16 19 $
77 78 -83 85 87 88 89 53 $
60 62 63 67 68 73 75 -38 -37 -32 -31 -30 -27 -26 -25 -24 -23 $
44 47 49 91 -95 97 99 100 $
>sp2
1 2 3 4 5 6 7 8 9 10 11 12 13 14 15 16 17 18 19 20 21 $
77 78 -76 79 80 -83 -82 -81 84 85 86 87 88 89 50 51 52 53 $
54 55 56 57 58 59 60 61 62 63 64 65 66 67 68 69 70 71 72 73 74 75 -42 -41 -90 -49 -48 -47 -46 -45 -44 -43 $
22 23 24 25 26 27 28 29 30 31 32 33 34 35 36 37 38 39 40 91 92 -95 -94 -93 96 97 98 99 100 $
>sp3
2 -9 -8 -7 41 -39 -38 -37 -36 -31 -30 -28 -25 -24 -22 $
-21 -18 -17 -15 -12 42 43 45 46 49 $
56 59 62 63 67 68 69 $
76 -82 -81 85 87 89 90 91 92 96 99 $
23 26 27 29 32 33 34 35 10 20 $
1 3 4 5 -6 40 -11 -19 -16 -14 -13 44 47 48 50 51 52 53 $
-66 -65 -64 58 57 -61 -60 -55 -54 70 71 72 73 74 75 95 97 98 100 -94 -93 -88 -86 -84 79 80 83 -78 -77 $
>sp4
2 41 -38 -36 -31 $
-18 -12 42 $
59 68 69 $
89 90 $
-35 -33 -29 -27 $
4 5 -6 40 -11 -16 -13 47 48 50 $
54 60 61 -57 -58 64 66 72 75 $
-80 84 95 97 98 100 $
-9 -8 -7 -39 -37 -30 -28 -25 -24 -22 $
-21 -17 -15 43 45 46 49 $
56 62 63 67 $
76 -82 -81 85 87 91 92 96 99 $
-20 -10 -34 -32 -26 -23 $
1 3 -19 -14 44 51 52 53 $
55 65 70 71 73 74 $
77 78 -83 -79 86 88 93 94 $
>sp5
1 2 3 4 5 -9 -8 -7 -6 10 11 -41 -40 -39 -38 -37 -36 -35 -34 -33 -32 -31 -30 -29 -28 -27 -26 -25 -24 -23 -22 $
-66 -65 -64 -63 58 57 -62 47 48 49 50 51 52 53 $
54 55 56 59 60 61 -46 -45 -44 -43 -42 12 13 14 15 16 17 18 19 20 21 $
76 77 78 -83 -82 -81 -80 -79 84 85 86 87 88 89 90 91 92 -97 -96 -95 -94 -93 98 99 100 $
67 68 69 70 71 72 73 74 75 $
